Slippage:  0.00
Commission:  2.40
64
Iterat#  Fitness   Ind1Type Ind2Type Ind3Type Ind4Type Hybrid EntryType Scale1Type Scale2Type Scale3Type OrderType MavType Ind1Period Ind2Period Ind3Period Ind4Period STPeriod LTPeriod UpperBand LowerBand Scale1Par1 Scale2Par1 Scale3Par1 Scale1Par2 Scale2Par2 Scale3Par2 w1 w2 w3 w4 w5 w6 w7 w8 w9 w10 w11 w12 w13 w14 w15 MyVar1 MyVar2 MyVar3 MyVar4 MyVar5 MyVar6 MyVar7 MyVar8 MyVar9 Template PatternType 2ndEntryType AndOr IndPeriod2 STPeriod2 LTPeriod2 UpperBand2 LowerBand2 Unused DataInd1 DataInd2 DataInd3 DataInd4 DataInd5 NetPrft GrossP GrossL #Trds %Prft #WTrds #LTrds BigWTrd BigLTrd MaxDD  TotPrft Robust StartDate EndDate
100003  19386.60   2 7 9 9  0 2 1 3  5 3 1 14  10 3 8 12  36 90 59 2.0  1.0 1.0 1.0 1.0  1.0 -0.1 -0.8 2.4  -0.5 2.0 2.4 2.9  2.8 -2.8 1.8 2.9  -2.7 -0.9 2.0 0.0  0 0 0 0  3 2 12 8  9 4 1 0  1 2 18 6  71 98 15 1  1 1 1 1  19386.60 232510.80 -213124.20 1392 49% 684 708 3235.10 -1627.40 -15275.80 8496.70 -224.7 1000104 1080929
100010  12947.50   15 9 14 11  1 4 1 6  7 3 1 25  22 25 11 7  16 86 9 2.0  1.0 1.0 1.0 1.0  1.0 2.9 -3.0 2.5  -1.5 -0.8 -2.4 -0.6  0.3 -2.0 -1.2 -0.5  -2.0 2.7 0.0 2.4  0 0 0 0  7 6 14 13  18 4 4 0  0 18 19 32  41 98 10 1  1 1 1 1  12947.50 142709.60 -129762.10 976 51% 497 479 1685.10 -2039.90 -17364.00 1789.50 -344.7 1000104 1070108
100023  6880.10   7 7 14 8  0 2 1 2  6 3 1 12  6 7 8 17  33 100 96 2.0  1.0 1.0 1.0 1.0  1.0 -0.7 -2.5 1.6  0.0 0.1 -2.4 -1.4  -0.8 0.5 1.3 -2.5  2.9 0.0 -0.1 -1.3  0 0 0 0  2 6 6 8  17 4 3 0  0 33 16 39  99 92 19 1  1 1 1 1  6880.10 93326.90 -86446.80 702 53% 370 332 1960.10 -814.90 -10295.50 -3241.70 -588.5 1000104 1070108
100014  12947.50   15 9 14 11  1 4 1 6  7 3 1 25  22 25 11 7  16 86 9 2.0  1.0 1.0 1.0 1.0  1.0 2.9 -3.0 2.5  -1.5 -0.8 -2.4 -0.6  0.3 -2.0 -1.2 -0.5  -2.0 2.7 0.0 2.4  0 0 0 0  7 6 14 13  18 4 4 0  0 18 19 32  41 98 10 1  1 1 1 1  12947.50 142709.60 -129762.10 976 51% 497 479 1685.10 -2039.90 -17364.00 1789.50 -344.7 1000104 1070108
100027  28575.40   3 2 10 14  1 2 1 5  9 3 1 14  23 16 15 8  13 69 7 2.0  1.0 1.0 1.0 1.0  1.0 0.5 -0.8 -1.8  0.7 -2.6 2.0 0.3  -1.6 2.1 2.7 0.0  -1.0 -1.0 -0.6 1.8  0 0 0 0  5 1 3 2  18 4 3 0  0 36 20 35  93 37 17 1  1 1 1 1  28575.40 310138.00 -281562.60 2230 45% 1006 1224 2960.10 -1877.40 -16363.00 22246.30 -88.6 1000104 1070108
100048  27600.10   5 2 14 10  1 3 1 9  4 3 1 26  15 5 9 7  18 81 24 2.0  1.0 1.0 1.0 1.0  1.0 -0.2 2.9 1.2  2.4 1.7 -0.5 -1.5  -1.8 -0.2 0.3 0.2  2.0 0.6 0.4 2.4  0 0 0 0  10 3 4 7  16 4 4 0  0 23 1 18  37 59 19 1  1 1 1 1  27600.10 132991.70 -105391.60 902 52% 468 434 1747.60 -2839.90 -12389.60 20051.50 -109.4 1000104 1070108
100050  2746.60   3 13 7 4  1 1 1 3  7 3 1 25  2 24 21 17  30 46 82 2.0  1.0 1.0 1.0 1.0  1.0 -1.4 -2.8 -0.9  1.9 -1.3 1.5 0.9  0.2 -2.2 -1.3 0.3  1.6 -2.4 0.0 2.6  0 0 0 0  4 2 8 5  19 4 4 0  1 25 11 12  89 85 4 1  1 1 1 1  2746.60 67787.00 -65040.40 492 50% 246 246 1610.10 -1877.40 -18617.00 7592.80 705.8 1000104 1070108
100058  3736.50   2 14 9 9  0 2 1 3  5 3 1 14  10 3 8 12  36 90 59 2.0  1.0 1.0 1.0 1.0  1.0 -0.1 -0.8 2.4  -0.5 2.0 2.4 2.9  2.8 -2.8 1.8 2.9  -2.7 -0.9 2.0 0.0  0 0 0 0  3 2 12 8  9 4 1 0  1 3 18 6  71 98 15 1  1 1 1 1  3736.50 168483.80 -164747.30 1116 48% 539 577 3235.10 -1514.90 -15275.80 8496.70 509.6 1000104 1070108
100062  37116.30   12 4 1 5  1 1 1 3  4 3 1 19  18 11 22 14  23 61 50 2.0  1.0 1.0 1.0 1.0  1.0 2.4 -1.6 2.9  -0.5 1.1 2.0 0.5  -2.5 -0.5 2.8 -1.3  3.0 0.6 -1.1 2.2  0 0 0 0  5 5 17 19  11 4 1 0  0 17 11 12  26 74 2 1  1 1 1 1  37116.30 206061.20 -168944.90 1364 49% 663 701 1472.60 -1502.40 -10335.80 36439.10 -7.3 1000104 1070108
100067  21747.70   11 5 13 8  0 2 1 6  4 3 1 15  25 14 16 19  33 4 32 2.0  1.0 1.0 1.0 1.0  1.0 -2.3 0.0 0.6  0.4 -3.0 -2.5 -1.0  -0.3 1.9 0.8 2.7  -1.3 2.8 -2.7 1.1  0 0 0 0  2 6 6 9  10 4 3 0  1 30 19 30  7 28 11 1  1 1 1 1  21747.70 147138.60 -125390.90 1028 52% 537 491 1572.60 -4002.40 -14746.30 10929.90 -199.0 1000104 1070108
