7,16,18,35|5,9,10,12,19,24,31|16,17,24,38|7,21,30,34,37|8,25,28|21|4,8|1,8,10,25|16,33|14,19,20,22,27
8|28,37,38,40|6,23,27|3,16,25,29|17,27,29,38|7,32|13,32|28,32|3,4,38,39|2,7,9,23
4,6,15,21,23,27,31,40|1,16,17,23,30|2,10,21,31,32,37,40|2,8,10,14,27|3|4,22,25,27,29,30,38|1,18,39|3,9,15,16|1,7,11,15,17,24,25,32,37,40|3,8,15,30,40
10,22,25,29,30,33,36|18,26,35|9,26|4,19,32,35|32,40|1,10,11,17,31|5,10,11,21,30|2,4,6,23,33,36|9,22,36|13,18,29,31,32
9|2,6,36|1,5,8,28,34|5,17,20,22,23,31|2,4,10,11,31|3,12,13,24,33|9,25,36|12,24,29,40|10,35|34,38
14,32,34|11,20|11,12,13,30|6,12,24,36,38|1,5,13,18,19,35|15,36,37,39|17,33,34,37|7,14,31,35|2,18,34|10,16,25,26,37,39
3,20,24,38|7,29,32,33|3,14,15,35,39|15,18|12,14,15,22,23,39|8,16,34,35|3,7,12,15,16,20,22|5,17,26,27|19,26,28,31|11,12,17,28
1,5,26|8,15|18,22,36|11|6,7,9,16,26,36|2,5,9,18,20|2,14,28,29,38|18,20,21,30|6,14,23,27,29|6,24
12,13,17,19,37|3,4,14,22,27,34|4,7,19,20,25,33|13,26,40|20,21,33,34,37|19,23,28|19,26,27|22,38,39|5,8,12,13,20|4,21,33,36
2,11,28,39|13,21,25,39|29|1,9,28,33,39|24,30|6,14,26,40|6,23,24,31,35,40|11,13,19,34,37|21,30|1,5,35
