P791.icm= 1001,,,,,,,1001,0,0
P791.inf= 1001,,,,,,,1001,0,0
P791.cat= 1001,,,,,,,1001,0,0
P1130.icm= 1001,,,,,,,1001,0,0
P1130.inf= 1001,,,,,,,1001,0,0
p1130.cat= 1001,,,,,,,1001,0,0
M991.icm= 1001,,,,,,,1001,0,0
M991.inf= 1001,,,,,,,1001,0,0
M991.cat= 1001,,,,,,,1001,0,0
M781s.icm= 1001,,,,,,,1001,0,0
M781s.inf= 1001,,,,,,,1001,0,0
M781s.cat= 1001,,,,,,,1001,0,0
M781p.icm= 1001,,,,,,,1001,0,0
M781p.inf= 1001,,,,,,,1001,0,0
M781p.cat= 1001,,,,,,,1001,0,0
HP_LP2465.icm= 1001,,,,,,,1001,0,0
HP_LP2465.inf= 1001,,,,,,,1001,0,0
HP_LP2465.cat= 1001,,,,,,,1001,0,0
HP_LP2065.icm= 1001,,,,,,,1001,0,0
HP_LP2065.inf= 1001,,,,,,,1001,0,0
HP_LP2065.cat= 1001,,,,,,,1001,0,0
HP_LP1965.icm= 1001,,,,,,,1001,0,0
HP_LP1965.inf= 1001,,,,,,,1001,0,0
HP_LP1965.cat= 1001,,,,,,,1001,0,0
E771p.icm= 1001,,,,,,,1001,0,0
E771p.inf= 1001,,,,,,,1001,0,0
E771p.cat= 1001,,,,,,,1001,0,0
E771a.icm= 1001,,,,,,,1001,0,0
E771a.inf= 1001,,,,,,,1001,0,0
E771a.cat= 1001,,,,,,,1001,0,0
E551cme.cat= 1001,,,,,,,1001,0,0
E551c.icm= 1001,,,,,,,1001,0,0
E551c.inf= 1001,,,,,,,1001,0,0
E551a.icm= 1001,,,,,,,1001,0,0
E551a.inf= 1001,,,,,,,1001,0,0
E551a.cat= 1001,,,,,,,1001,0,0
1700FP.icm= 1001,,,,,,,1001,0,0
1401FP.icm= 1001,,,,,,,1001,0,0
1501FP.icm= 1001,,,,,,,1001,0,0
E770p.icm= 1001,,,,,,,1001,0,0
E770s.icm= 1001,,,,,,,1001,0,0
E550mm.icm= 1001,,,,,,,1001,0,0
P790.icm= 1001,,,,,,,1001,0,0
M570.icm= 1001,,,,,,,1001,0,0
P991.icm= 1001,,,,,,,1001,0,0
E550.icm= 1001,,,,,,,1001,0,0
P780.icm= 1001,,,,,,,1001,0,0
P1110.icm= 1001,,,,,,,1001,0,0
M990.icm= 1001,,,,,,,1001,0,0
P1690.icm= 1001,,,,,,,1001,0,0
M780.icm= 1001,,,,,,,1001,0,0
M770.icm= 1001,,,,,,,1001,0,0
Dellmon0.inf= 1001,,,,,,,1001,0,0
Dellmon0.cat= 1001,,,,,,,1001,0,0
2001FP.icm= 1001,,,,,,,1001,0,0
2001FP.INF= 1001,,,,,,,1001,0,0
2001fp.cat= 1001,,,,,,,1001,0,0
1701FP.icm= 1001,,,,,,,1001,0,0
1701fp.inf= 1001,,,,,,,1001,0,0
1701fp.cat= 1001,,,,,,,1001,0,0
1503FP.icm= 1001,,,,,,,1001,0,0
1503fp.inf= 1001,,,,,,,1001,0,0
1503fp.cat= 1001,,,,,,,1001,0,0
UIU32m.exe= 1002,,,,,,,1002,0,0
HSFProf.cty= 1002,,,,,,,1002,0,0
mdmxsdk.dll= 1002,,,,,,,1002,0,0
mdmxsdk.sys= 1002,,,,,,,1002,0,0
UCI32M19.dll= 1002,,,,,,,1002,0,0
HSFHWAZL.sys= 1002,,,,,,,1002,0,0
HSF_DPV.sys= 1002,,,,,,,1002,0,0
HSF_CNXT.sys= 1002,,,,,,,1002,0,0
hpqZ3795.inf= 1002,,,,,,,1002,0,0
hpqz3795.cat= 1002,,,,,,,1002,0,0
UIU32m.exe= 1002,,,,,,,1002,0,0
HSFProf.cty= 1002,,,,,,,1002,0,0
mdmxsdk.dll= 1002,,,,,,,1002,0,0
mdmxsdk.sys= 1002,,,,,,,1002,0,0
UCI32M19.dll= 1002,,,,,,,1002,0,0
HSFHWAZL.sys= 1002,,,,,,,1002,0,0
HSF_DPV.sys= 1002,,,,,,,1002,0,0
HSF_CNXT.sys= 1002,,,,,,,1002,0,0
hpq0033m.inf= 1002,,,,,,,1002,0,0
hpq0033m.cat= 1002,,,,,,,1002,0,0
agrsmdel.exe= 1002,,,,,,,1002,0,0
AGRSM.sys= 1002,,,,,,,1002,0,0
AGRMDwxp.inf= 1002,,,,,,,1002,0,0
AGRMDwxp.cat= 1002,,,,,,,1002,0,0
mdmmoh.dll= 1003,,,,,,,1003,0,0
ptuninst.exe= 1003,,,,,,,1003,0,0
ptsetup.dll= 1003,,,,,,,1003,0,0
pctspk.exe= 1003,,,,,,,1003,0,0
pthsp.dat= 1003,,,,,,,1003,0,0
vvoice.sys= 1003,,,,,,,1003,0,0
vmodem.sys= 1003,,,,,,,1003,0,0
vpctcom.sys= 1003,,,,,,,1003,0,0
ptserli.sys= 1003,,,,,,,1003,0,0
Mdmchipv.inf= 1003,,,,,,,1003,0,0
mdmchipv.cat= 1003,,,,,,,1003,0,0
HXFSetup.exe= 1004,,,,,,,1004,0,0
del1028.cty= 1004,,,,,,,1004,0,0
mdmxsdk.dll= 1004,,,,,,,1004,0,0
mdmxsdk.sys= 1004,,,,,,,1004,0,0
Uci32114.dll= 1004,,,,,,,1004,0,0
HSFHWAZL.sys= 1004,,,,,,,1004,0,0
HSF_DPV.sys= 1004,,,,,,,1004,0,0
HSF_CNXT.sys= 1004,,,,,,,1004,0,0
del000f5.inf= 1004,,,,,,,1004,0,0
del000f5.cat= 1004,,,,,,,1004,0,0
del1028.cty= 1005,,,,,,,1005,0,0
HXFSetup.exe= 1005,,,,,,,1005,0,0
mdmxsdk.dll= 1005,,,,,,,1005,0,0
mdmxsdk.sys= 1005,,,,,,,1005,0,0
Uci32103.dll= 1005,,,,,,,1005,0,0
HSXHWAZL.sys= 1005,,,,,,,1005,0,0
HSX_DPV.sys= 1005,,,,,,,1005,0,0
HSX_CNXT.sys= 1005,,,,,,,1005,0,0
del1028p.inf= 1005,,,,,,,1005,0,0
del1028p.cat= 1005,,,,,,,1005,0,0
HXFSetup.exe= 1006,,,,,,,1006,0,0
del1028.cty= 1006,,,,,,,1006,0,0
mdmxsdk.dll= 1006,,,,,,,1006,0,0
mdmxsdk.sys= 1006,,,,,,,1006,0,0
hsfci014.dll= 1006,,,,,,,1006,0,0
HSFHWICH.sys= 1006,,,,,,,1006,0,0
HSF_DPV.SYS= 1006,,,,,,,1006,0,0
HSF_CNXT.sys= 1006,,,,,,,1006,0,0
del5422k.inf= 1006,,,,,,,1006,0,0
del5422k.cat= 1006,,,,,,,1006,0,0
BCMWL5.SYS= 1007,,,,,,,1007,0,0
bcmwl5.inf= 1007,,,,,,,1007,0,0
bcm43xx64.cat= 1007,,,,,,,1007,0,0
bcm43xx.cat= 1007,,,,,,,1007,0,0
b57xp32.sys= 1008,,,,,,,1008,0,0
b57win32.inf= 1008,,,,,,,1008,0,0
b57win32.cat= 1008,,,,,,,1008,0,0
b57xp32.sys= 1009,,,,,,,1009,0,0
b57win32.inf= 1009,,,,,,,1009,0,0
b57win32.cat= 1009,,,,,,,1009,0,0
b57xp32.sys= 1010,,,,,,,1010,0,0
b57win32.inf= 1010,,,,,,,1010,0,0
b57win32.cat= 1010,,,,,,,1010,0,0
prounstl.exe= 1011,,,,,,,1011,0,0
intelnic.dll= 1011,,,,,,,1011,0,0
e1000325.sys= 1011,,,,,,,1011,0,0
e1000325.din= 1011,,,,,,,1011,0,0
E1000325.inf= 1011,,,,,,,1011,0,0
e1000325.cat= 1011,,,,,,,1011,0,0
Netw2r32.dll= 1012,,,,,,,1012,0,0
Netw2c32.dll= 1012,,,,,,,1012,0,0
w29n50.sys= 1012,,,,,,,1012,0,0
w29n51.sys= 1012,,,,,,,1012,0,0
w29n51.inf= 1012,,,,,,,1012,0,0
w29n51.cat= 1012,,,,,,,1012,0,0
NETw4r32.dll= 1012,,,,,,,1012,0,0
NETw4c32.dll= 1012,,,,,,,1012,0,0
NETw4x32.sys= 1012,,,,,,,1012,0,0
NETw4x32.INF= 1012,,,,,,,1012,0,0
NETw4x32.CAT= 1012,,,,,,,1012,0,0
b57xp32.sys= 1013,,,,,,,1013,0,0
b57win32.inf= 1013,,,,,,,1013,0,0
b57win32.cat= 1013,,,,,,,1013,0,0
b57xp32.sys= 1014,,,,,,,1014,0,0
b57win32.inf= 1014,,,,,,,1014,0,0
b57win32.cat= 1014,,,,,,,1014,0,0
b57xp32.sys= 1015,,,,,,,1015,0,0
b57win32.inf= 1015,,,,,,,1015,0,0
b57win32.cat= 1015,,,,,,,1015,0,0
smx.cat= 1016,,,,,,,1016,0,0
aeaudio.sys= 1016,,,,,,,1016,0,0
postproc.dll= 1016,,,,,,,1016,0,0
smax4pnp.exe= 1016,,,,,,,1016,0,0
smwdmif.dll= 1016,,,,,,,1016,0,0
ADIHdAud.sys= 1016,,,,,,,1016,0,0
ADIHdAud.inf= 1016,,,,,,,1016,0,0
KB888111.cat= 1017,,,,,,,1017,0,0
HdAShCut.exe= 1017,,,,,,,1017,0,0
HdAudRes.dll= 1017,,,,,,,1017,0,0
HdAProp.dll= 1017,,,,,,,1017,0,0
HdAudio.sys= 1017,,,,,,,1017,0,0
hdaudio.inf= 1017,,,,,,,1017,0,0
hdaudbus.sys= 1017,,,,,,,1017,0,0
hdaudbus.inf= 1017,,,,,,,1017,0,0
RTKHDA64.CAT= 1018,,,,,,,1018,0,0
RtlUpd64.exe= 1018,,,,,,,1018,0,0
MicCal.exe= 1018,,,,,,,1018,0,0
RTCOMDLL.dll= 1018,,,,,,,1018,0,0
RtlCPAPI.dll= 1018,,,,,,,1018,0,0
RTSndMgr.CPL= 1018,,,,,,,1018,0,0
CPLUTL64.EXE= 1018,,,,,,,1018,0,0
RTHDCPL.EXE= 1018,,,,,,,1018,0,0
RTKHDA64.SYS= 1018,,,,,,,1018,0,0
HDXHPBPC.INF= 1018,,,,,,,1018,0,0
RtlUpd.exe= 1018,,,,,,,1018,0,0
MicCal.exe= 1018,,,,,,,1018,0,0
RTCOMDLL.dll= 1018,,,,,,,1018,0,0
RtlCPAPI.dll= 1018,,,,,,,1018,0,0
RTSndMgr.CPL= 1018,,,,,,,1018,0,0
RTHDCPL.EXE= 1018,,,,,,,1018,0,0
RtkHDAud.sys= 1018,,,,,,,1018,0,0
HDAHPBPC.inf= 1018,,,,,,,1018,0,0
HDA32.cat= 1018,,,,,,,1018,0,0
stac97.cpl= 1019,,,,,,,1019,0,0
stac97co.dll= 1019,,,,,,,1019,0,0
stac97.sys= 1019,,,,,,,1019,0,0
Stac97.inf= 1019,,,,,,,1019,0,0
stac97.cat= 1019,,,,,,,1019,0,0
smx.cat= 1020,,,,,,,1020,0,0
crlds3d.dll= 1020,,,,,,,1020,0,0
postproc.dll= 1020,,,,,,,1020,0,0
edcrypt.dll= 1020,,,,,,,1020,0,0
smax4pnp.exe= 1020,,,,,,,1020,0,0
smwdmif.dll= 1020,,,,,,,1020,0,0
senfilt.sys= 1020,,,,,,,1020,0,0
smwdmCH7.inf= 1020,,,,,,,1020,0,0
smwdm.sys= 1020,,,,,,,1020,0,0
smwdmCH7.inf= 1020,,,,,,,1020,0,0
crlds3d.dll= 1020,,,,,,,1020,0,0
postproc.dll= 1020,,,,,,,1020,0,0
edcrypt.dll= 1020,,,,,,,1020,0,0
smax4pnp.exe= 1020,,,,,,,1020,0,0
smwdmif.dll= 1020,,,,,,,1020,0,0
senfilt.sys= 1020,,,,,,,1020,0,0
smwdmCH6.inf= 1020,,,,,,,1020,0,0
smwdm.sys= 1020,,,,,,,1020,0,0
smwdmCH6.inf= 1020,,,,,,,1020,0,0
crlds3d.dll= 1020,,,,,,,1020,0,0
postproc.dll= 1020,,,,,,,1020,0,0
edcrypt.dll= 1020,,,,,,,1020,0,0
smax4pnp.exe= 1020,,,,,,,1020,0,0
smwdmif.dll= 1020,,,,,,,1020,0,0
senfilt.sys= 1020,,,,,,,1020,0,0
smwdmCH5.inf= 1020,,,,,,,1020,0,0
smwdm.sys= 1020,,,,,,,1020,0,0
smwdmCH5.inf= 1020,,,,,,,1020,0,0
crlds3d.dll= 1020,,,,,,,1020,0,0
postproc.dll= 1020,,,,,,,1020,0,0
edcrypt.dll= 1020,,,,,,,1020,0,0
smax4pnp.exe= 1020,,,,,,,1020,0,0
smwdmif.dll= 1020,,,,,,,1020,0,0
senfilt.sys= 1020,,,,,,,1020,0,0
smwdmCH4.inf= 1020,,,,,,,1020,0,0
smwdm.sys= 1020,,,,,,,1020,0,0
smwdmCH4.inf= 1020,,,,,,,1020,0,0
stac97.cpl= 1021,,,,,,,1021,0,0
stac97.sys= 1021,,,,,,,1021,0,0
stac97.inf= 1021,,,,,,,1021,0,0
stac97.cat= 1021,,,,,,,1021,0,0
smx.cat= 1022,,,,,,,1022,0,0
aeaudio.sys= 1022,,,,,,,1022,0,0
smsens.sys= 1022,,,,,,,1022,0,0
a3d.dll= 1022,,,,,,,1022,0,0
migrate.dll= 1022,,,,,,,1022,0,0
smwdmCH5.inf= 1022,,,,,,,1022,0,0
smwdm.sys= 1022,,,,,,,1022,0,0
smwdmCH5.inf= 1022,,,,,,,1022,0,0
smx.cat= 1023,,,,,,,1023,0,0
aeaudio.sys= 1023,,,,,,,1023,0,0
smsens.sys= 1023,,,,,,,1023,0,0
a3d.dll= 1023,,,,,,,1023,0,0
migrate.dll= 1023,,,,,,,1023,0,0
smwdmCH4.inf= 1023,,,,,,,1023,0,0
smwdm.sys= 1023,,,,,,,1023,0,0
smwdmCH4.inf= 1023,,,,,,,1023,0,0
aeaudio.sys= 1023,,,,,,,1023,0,0
smsens.sys= 1023,,,,,,,1023,0,0
a3d.dll= 1023,,,,,,,1023,0,0
migrate.dll= 1023,,,,,,,1023,0,0
smwdmCH2.inf= 1023,,,,,,,1023,0,0
smwdm.sys= 1023,,,,,,,1023,0,0
smwdmCH2.inf= 1023,,,,,,,1023,0,0
stacapi.dll= 1024,,,,,,,1024,0,0
staco64.dll= 1024,,,,,,,1024,0,0
sthda64.sys= 1024,,,,,,,1024,0,0
STHDA64.INF= 1024,,,,,,,1024,0,0
STHDA64.cat= 1024,,,,,,,1024,0,0
stacapi.dll= 1024,,,,,,,1024,0,0
staco.dll= 1024,,,,,,,1024,0,0
sthda.sys= 1024,,,,,,,1024,0,0
STHDA.INF= 1024,,,,,,,1024,0,0
STHDA.cat= 1024,,,,,,,1024,0,0
stacapi.dll= 1025,,,,,,,1025,0,0
staco64.dll= 1025,,,,,,,1025,0,0
sthda64.sys= 1025,,,,,,,1025,0,0
STHDA64.INF= 1025,,,,,,,1025,0,0
STHDA64.cat= 1025,,,,,,,1025,0,0
stacapi.dll= 1025,,,,,,,1025,0,0
staco.dll= 1025,,,,,,,1025,0,0
sthda.sys= 1025,,,,,,,1025,0,0
STHDA.INF= 1025,,,,,,,1025,0,0
STHDA.cat= 1025,,,,,,,1025,0,0
smx.cat= 1026,,,,,,,1026,0,0
crlds3d.dll= 1026,,,,,,,1026,0,0
postproc.dll= 1026,,,,,,,1026,0,0
edcrypt.dll= 1026,,,,,,,1026,0,0
smax4pnp.exe= 1026,,,,,,,1026,0,0
smwdmif.dll= 1026,,,,,,,1026,0,0
senfilt.sys= 1026,,,,,,,1026,0,0
smwdmCH7.inf= 1026,,,,,,,1026,0,0
smwdm.sys= 1026,,,,,,,1026,0,0
smwdmCH7.inf= 1026,,,,,,,1026,0,0
crlds3d.dll= 1026,,,,,,,1026,0,0
postproc.dll= 1026,,,,,,,1026,0,0
edcrypt.dll= 1026,,,,,,,1026,0,0
smax4pnp.exe= 1026,,,,,,,1026,0,0
smwdmif.dll= 1026,,,,,,,1026,0,0
senfilt.sys= 1026,,,,,,,1026,0,0
smwdmCH6.inf= 1026,,,,,,,1026,0,0
smwdm.sys= 1026,,,,,,,1026,0,0
smwdmCH6.inf= 1026,,,,,,,1026,0,0
crlds3d.dll= 1026,,,,,,,1026,0,0
postproc.dll= 1026,,,,,,,1026,0,0
edcrypt.dll= 1026,,,,,,,1026,0,0
smax4pnp.exe= 1026,,,,,,,1026,0,0
smwdmif.dll= 1026,,,,,,,1026,0,0
senfilt.sys= 1026,,,,,,,1026,0,0
smwdmCH5.inf= 1026,,,,,,,1026,0,0
smwdm.sys= 1026,,,,,,,1026,0,0
smwdmCH5.inf= 1026,,,,,,,1026,0,0
crlds3d.dll= 1026,,,,,,,1026,0,0
postproc.dll= 1026,,,,,,,1026,0,0
edcrypt.dll= 1026,,,,,,,1026,0,0
smax4pnp.exe= 1026,,,,,,,1026,0,0
smwdmif.dll= 1026,,,,,,,1026,0,0
senfilt.sys= 1026,,,,,,,1026,0,0
smwdmCH4.inf= 1026,,,,,,,1026,0,0
smwdm.sys= 1026,,,,,,,1026,0,0
smwdmCH4.inf= 1026,,,,,,,1026,0,0
CX_44973.inf= 1027,,,,,,,1027,0,0
ativvpxx.vp= 1028,,,,,,,1028,0,0
ativvaxx.dll= 1028,,,,,,,1028,0,0
ativvaxx.dat= 1028,,,,,,,1028,0,0
ativdkxx.vp= 1028,,,,,,,1028,0,0
ativckxx.vp= 1028,,,,,,,1028,0,0
ativcaxx.vp= 1028,,,,,,,1028,0,0
ativcaxx.cpa= 1028,,,,,,,1028,0,0
atitvo32.dll= 1028,,,,,,,1028,0,0
atipdlxx.dll= 1028,,,,,,,1028,0,0
atioglxx.dll= 1028,,,,,,,1028,0,0
atikvmag.dll= 1028,,,,,,,1028,0,0
atiiiexx.dll= 1028,,,,,,,1028,0,0
atiicdxx.dat= 1028,,,,,,,1028,0,0
atifglpf.xml= 1028,,,,,,,1028,0,0
atidemgx.dll= 1028,,,,,,,1028,0,0
atiddc.dll= 1028,,,,,,,1028,0,0
ati3duag.dll= 1028,,,,,,,1028,0,0
ati2mtag.sys= 1028,,,,,,,1028,0,0
ati2mdxx.exe= 1028,,,,,,,1028,0,0
ati2evxx.exe= 1028,,,,,,,1028,0,0
ati2evxx.dll= 1028,,,,,,,1028,0,0
ati2erec.dll= 1028,,,,,,,1028,0,0
ati2edxx.dll= 1028,,,,,,,1028,0,0
ati2dvag.dll= 1028,,,,,,,1028,0,0
ati2cqag.dll= 1028,,,,,,,1028,0,0
CX_44973.cat= 1027,,,,,,,1027,0,0
CX_35058.inf= 1029,,,,,,,1029,0,0
ativvpxx.vp= 1030,,,,,,,1030,0,0
ativvaxx.dll= 1030,,,,,,,1030,0,0
ativcoxx.dll= 1030,,,,,,,1030,0,0
ativckxx.vp= 1030,,,,,,,1030,0,0
ativcaxx.vp= 1030,,,,,,,1030,0,0
ativcaxx.cpa= 1030,,,,,,,1030,0,0
atitvo32.dll= 1030,,,,,,,1030,0,0
atipdlxx.dll= 1030,,,,,,,1030,0,0
atioglxx.dll= 1030,,,,,,,1030,0,0
atioglx1.dll= 1030,,,,,,,1030,0,0
atikvmag.dll= 1030,,,,,,,1030,0,0
atiiiexx.dll= 1030,,,,,,,1030,0,0
atiicdxx.dat= 1030,,,,,,,1030,0,0
atifglpf.xml= 1030,,,,,,,1030,0,0
atidemgr.dll= 1030,,,,,,,1030,0,0
atiddc.dll= 1030,,,,,,,1030,0,0
ati3duag.dll= 1030,,,,,,,1030,0,0
ati2mtag.sys= 1030,,,,,,,1030,0,0
ati2mdxx.exe= 1030,,,,,,,1030,0,0
ati2evxx.exe= 1030,,,,,,,1030,0,0
ati2evxx.dll= 1030,,,,,,,1030,0,0
ati2erec.dll= 1030,,,,,,,1030,0,0
ati2edxx.dll= 1030,,,,,,,1030,0,0
ati2dvag.dll= 1030,,,,,,,1030,0,0
ati2cqag.dll= 1030,,,,,,,1030,0,0
CX_35058.cat= 1029,,,,,,,1029,0,0
C2_35058.inf= 1029,,,,,,,1029,0,0
ativvaxx.dll= 1030,,,,,,,1030,0,0
ativcoxx.dll= 1030,,,,,,,1030,0,0
atitvo32.dll= 1030,,,,,,,1030,0,0
atipdlxx.dll= 1030,,,,,,,1030,0,0
atioglxx.dll= 1030,,,,,,,1030,0,0
atioglx1.dll= 1030,,,,,,,1030,0,0
atikvmag.dll= 1030,,,,,,,1030,0,0
atiiiexx.dll= 1030,,,,,,,1030,0,0
atiicdxx.dat= 1030,,,,,,,1030,0,0
atifglpf.xml= 1030,,,,,,,1030,0,0
atidemgr.dll= 1030,,,,,,,1030,0,0
atiddc.dll= 1030,,,,,,,1030,0,0
ati3duag.dll= 1030,,,,,,,1030,0,0
ati2mtag.sys= 1030,,,,,,,1030,0,0
ati2mdxx.exe= 1030,,,,,,,1030,0,0
ati2evxx.exe= 1030,,,,,,,1030,0,0
ati2evxx.dll= 1030,,,,,,,1030,0,0
ati2erec.dll= 1030,,,,,,,1030,0,0
ati2edxx.dll= 1030,,,,,,,1030,0,0
ati2dvag.dll= 1030,,,,,,,1030,0,0
ati2cqag.dll= 1030,,,,,,,1030,0,0
nvwcplen.hlp= 1031,,,,,,,1031,0,0
nvwddi.dll= 1031,,,,,,,1031,0,0
nvcpl.hlp= 1031,,,,,,,1031,0,0
nvmctray.dll= 1031,,,,,,,1031,0,0
nvcpl.dll= 1031,,,,,,,1031,0,0
nvoglnt.dll= 1031,,,,,,,1031,0,0
nv4_disp.dll= 1031,,,,,,,1031,0,0
nvsvc32.exe= 1031,,,,,,,1031,0,0
nvcod.dll= 1031,,,,,,,1031,0,0
nv4_mini.sys= 1031,,,,,,,1031,0,0
NVDM.INF= 1031,,,,,,,1031,0,0
nvdm.cat= 1031,,,,,,,1031,0,0
CX_11052.inf= 1032,,,,,,,1032,0,0
oemdspif.dll= 10033,,,,,,,1033,0,0
ativcoxx.dll= 10033,,,,,,,1033,0,0
atitvo32.dll= 10033,,,,,,,1033,0,0
atipdlxx.dll= 10033,,,,,,,1033,0,0
atioglxx.dll= 10033,,,,,,,1033,0,0
atiiiexx.dll= 10033,,,,,,,1033,0,0
atiddc.dll= 10033,,,,,,,1033,0,0
ati3duag.dll= 10033,,,,,,,1033,0,0
ati3d2ag.dll= 10033,,,,,,,1033,0,0
ati3d1ag.dll= 10033,,,,,,,1033,0,0
ati2mtag.sys= 10033,,,,,,,1033,0,0
ati2mdxx.exe= 10033,,,,,,,1033,0,0
ati2evxx.exe= 10033,,,,,,,1033,0,0
ati2evxx.dll= 10033,,,,,,,1033,0,0
ati2dvag.dll= 10033,,,,,,,1033,0,0
CX_11052.cat= 1032,,,,,,,1032,0,0
C2_11052.inf= 1032,,,,,,,1032,0,0
oemdspif.dll= 10033,,,,,,,1033,0,0
ativcoxx.dll= 10033,,,,,,,1033,0,0
atitvo32.dll= 10033,,,,,,,1033,0,0
atipdlxx.dll= 10033,,,,,,,1033,0,0
atioglxx.dll= 10033,,,,,,,1033,0,0
atiiiexx.dll= 10033,,,,,,,1033,0,0
atiddc.dll= 10033,,,,,,,1033,0,0
ati3duag.dll= 10033,,,,,,,1033,0,0
ati3d2ag.dll= 10033,,,,,,,1033,0,0
ati3d1ag.dll= 10033,,,,,,,1033,0,0
ati2mtag.sys= 10033,,,,,,,1033,0,0
ati2mdxx.exe= 10033,,,,,,,1033,0,0
ati2evxx.exe= 10033,,,,,,,1033,0,0
ati2evxx.dll= 10033,,,,,,,1033,0,0
ati2dvag.dll= 10033,,,,,,,1033,0,0
cx_11052.cat= 1033,,,,,,,1033,0,0
nvwcplen.hlp= 1034,,,,,,,1034,0,0
cad.tvp= 1034,,,,,,,1034,0,0
dcc.tvp= 1034,,,,,,,1034,0,0
finance.tvp= 1034,,,,,,,1034,0,0
advanced.tvp= 1034,,,,,,,1034,0,0
generic.tvp= 1034,,,,,,,1034,0,0
keystone.exe= 1034,,,,,,,1034,0,0
nviewimg.dll= 1034,,,,,,,1034,0,0
nwiz.exe= 1034,,,,,,,1034,0,0
nvtuicpl.cpl= 1034,,,,,,,1034,0,0
nvshell.dll= 1034,,,,,,,1034,0,0
dmcpl.exe= 1034,,,,,,,1034,0,0
nview.dll= 1034,,,,,,,1034,0,0
nvwcpzht.hlp= 1034,,,,,,,1034,0,0
nvcpzht.hlp= 1034,,,,,,,1034,0,0
nvwrszht.dll= 1034,,,,,,,1034,0,0
nvrszht.dll= 1034,,,,,,,1034,0,0
nvwcpzhc.hlp= 1034,,,,,,,1034,0,0
nvcpzhc.hlp= 1034,,,,,,,1034,0,0
nvwrszhc.dll= 1034,,,,,,,1034,0,0
nvrszhc.dll= 1034,,,,,,,1034,0,0
nvwcpth.hlp= 1034,,,,,,,1034,0,0
nvcpth.hlp= 1034,,,,,,,1034,0,0
nvwcpptb.hlp= 1034,,,,,,,1034,0,0
nvcpptb.hlp= 1034,,,,,,,1034,0,0
nvwrsptb.dll= 1034,,,,,,,1034,0,0
nvrsptb.dll= 1034,,,,,,,1034,0,0
nvwcpko.hlp= 1034,,,,,,,1034,0,0
nvcpko.hlp= 1034,,,,,,,1034,0,0
nvwrsko.dll= 1034,,,,,,,1034,0,0
nvrsko.dll= 1034,,,,,,,1034,0,0
nvwcpja.hlp= 1034,,,,,,,1034,0,0
nvcpja.hlp= 1034,,,,,,,1034,0,0
nvwrsja.dll= 1034,,,,,,,1034,0,0
nvrsja.dll= 1034,,,,,,,1034,0,0
nvwcpit.hlp= 1034,,,,,,,1034,0,0
nvcpit.hlp= 1034,,,,,,,1034,0,0
nvwrsit.dll= 1034,,,,,,,1034,0,0
nvrsit.dll= 1034,,,,,,,1034,0,0
nvwcpfr.hlp= 1034,,,,,,,1034,0,0
nvcpfr.hlp= 1034,,,,,,,1034,0,0
nvwrsfr.dll= 1034,,,,,,,1034,0,0
nvrsfr.dll= 1034,,,,,,,1034,0,0
nvwcpes.hlp= 1034,,,,,,,1034,0,0
nvcpes.hlp= 1034,,,,,,,1034,0,0
nvwrses.dll= 1034,,,,,,,1034,0,0
nvrses.dll= 1034,,,,,,,1034,0,0
nvwcpde.hlp= 1034,,,,,,,1034,0,0
nvcpde.hlp= 1034,,,,,,,1034,0,0
nvwrsde.dll= 1034,,,,,,,1034,0,0
nvrsde.dll= 1034,,,,,,,1034,0,0
nvcpl.hlp= 1034,,,,,,,1034,0,0
nvmctray.dll= 1034,,,,,,,1034,0,0
nvcpl.dll= 1034,,,,,,,1034,0,0
nvoglnt.dll= 1034,,,,,,,1034,0,0
nv4_disp.dll= 1034,,,,,,,1034,0,0
nvsvc32.exe= 1034,,,,,,,1034,0,0
nvwsapps.cfg= 1034,,,,,,,1034,0,0
nvinstnt.dll= 1034,,,,,,,1034,0,0
nv4_mini.sys= 1034,,,,,,,1034,0,0
NVDM.INF= 1034,,,,,,,1034,0,0
nvdm.cat= 1034,,,,,,,1034,0,0
IntcHdmi.sys= 1035,,,,,,,1035,0,0
IntcHdmi.inf= 1035,,,,,,,1035,0,0
IntcHDMI.cat= 1035,,,,,,,1035,0,0
igmedkrn.dll= 1036,,,,,,,1036,0,0
igfxpers.exe= 1036,,,,,,,1036,0,0
igfxexps.dll= 1036,,,,,,,1036,0,0
igfxext.exe= 1036,,,,,,,1036,0,0
oemdspif.dll= 1036,,,,,,,1036,0,0
hkcmd.exe= 1036,,,,,,,1036,0,0
igfxzoom.exe= 1036,,,,,,,1036,0,0
igfxtray.exe= 1036,,,,,,,1036,0,0
igfxdo.dll= 1036,,,,,,,1036,0,0
igfxdev.dll= 1036,,,,,,,1036,0,0
igfxdgps.dll= 1036,,,,,,,1036,0,0
igfxcfg.exe= 1036,,,,,,,1036,0,0
igfxcpl.cpl= 1036,,,,,,,1036,0,0
igfxpph.dll= 1036,,,,,,,1036,0,0
igfxsrvc.exe= 1036,,,,,,,1036,0,0
igfxsrvc.dll= 1036,,,,,,,1036,0,0
hccutils.dll= 1036,,,,,,,1036,0,0
igfxrenu.lrc= 1036,,,,,,,1036,0,0
igfxress.dll= 1036,,,,,,,1036,0,0
igxpxs32.vp= 1036,,,,,,,1036,0,0
igxpxk32.vp= 1036,,,,,,,1036,0,0
ig4dev32.dll= 1036,,,,,,,1036,0,0
ig4icd32.dll= 1036,,,,,,,1036,0,0
igldev32.dll= 1036,,,,,,,1036,0,0
iglicd32.dll= 1036,,,,,,,1036,0,0
igxpdx32.dll= 1036,,,,,,,1036,0,0
igxpdv32.dll= 1036,,,,,,,1036,0,0
igxpgd32.dll= 1036,,,,,,,1036,0,0
igxprd32.dll= 1036,,,,,,,1036,0,0
igxpco32.dll= 1036,,,,,,,1036,0,0
igxpmp32.sys= 1036,,,,,,,1036,0,0
kit11232.inf= 1036,,,,,,,1036,0,0
kit11232.cat= 1036,,,,,,,1036,0,0
igfxnt5.cat= 1037,,,,,,,1037,0,0
ialmuTRK.dll= 1037,,,,,,,1037,0,0
ialmuTHA.dll= 1037,,,,,,,1037,0,0
ialmuSVE.dll= 1037,,,,,,,1037,0,0
ialmuRUS.dll= 1037,,,,,,,1037,0,0
ialmuPTG.dll= 1037,,,,,,,1037,0,0
ialmuPTB.dll= 1037,,,,,,,1037,0,0
ialmuPLK.dll= 1037,,,,,,,1037,0,0
ialmuNOR.dll= 1037,,,,,,,1037,0,0
ialmuNLD.dll= 1037,,,,,,,1037,0,0
ialmuKOR.dll= 1037,,,,,,,1037,0,0
ialmuJPN.dll= 1037,,,,,,,1037,0,0
ialmuITA.dll= 1037,,,,,,,1037,0,0
ialmuHUN.dll= 1037,,,,,,,1037,0,0
ialmuHEB.dll= 1037,,,,,,,1037,0,0
ialmuFRC.dll= 1037,,,,,,,1037,0,0
ialmuFRA.dll= 1037,,,,,,,1037,0,0
ialmuFIN.dll= 1037,,,,,,,1037,0,0
ialmuESP.dll= 1037,,,,,,,1037,0,0
ialmuENG.dll= 1037,,,,,,,1037,0,0
ialmuELL.dll= 1037,,,,,,,1037,0,0
ialmuDEU.dll= 1037,,,,,,,1037,0,0
ialmuDAN.dll= 1037,,,,,,,1037,0,0
ialmuCSY.dll= 1037,,,,,,,1037,0,0
ialmuCHT.dll= 1037,,,,,,,1037,0,0
ialmuCHS.dll= 1037,,,,,,,1037,0,0
ialmuARB.dll= 1037,,,,,,,1037,0,0
ialmuARA.dll= 1037,,,,,,,1037,0,0
ialmudlg.exe= 1037,,,,,,,1037,0,0
igfxpers.exe= 1037,,,,,,,1037,0,0
igfxexps.dll= 1037,,,,,,,1037,0,0
igfxext.exe= 1037,,,,,,,1037,0,0
oemdspif.dll= 1037,,,,,,,1037,0,0
hkcmd.exe= 1037,,,,,,,1037,0,0
igfxzoom.exe= 1037,,,,,,,1037,0,0
igfxtray.exe= 1037,,,,,,,1037,0,0
igfxdo.dll= 1037,,,,,,,1037,0,0
igfxdev.dll= 1037,,,,,,,1037,0,0
igfxdgps.dll= 1037,,,,,,,1037,0,0
igfxcfg.exe= 1037,,,,,,,1037,0,0
igfxcpl.cpl= 1037,,,,,,,1037,0,0
igfxpph.dll= 1037,,,,,,,1037,0,0
igfxsrvc.exe= 1037,,,,,,,1037,0,0
igfxsrvc.dll= 1037,,,,,,,1037,0,0
hccutils.dll= 1037,,,,,,,1037,0,0
igfxrenu.lrc= 1037,,,,,,,1037,0,0
igfxress.dll= 1037,,,,,,,1037,0,0
ialmrem.dll= 1037,,,,,,,1037,0,0
igxpxs32.vp= 1037,,,,,,,1037,0,0
igxpxk32.vp= 1037,,,,,,,1037,0,0
igxpxa32.vp= 1037,,,,,,,1037,0,0
igxpxa32.cpa= 1037,,,,,,,1037,0,0
igldev32.dll= 1037,,,,,,,1037,0,0
iglicd32.dll= 1037,,,,,,,1037,0,0
ialmdd5.dll= 1037,,,,,,,1037,0,0
ialmdev5.dll= 1037,,,,,,,1037,0,0
ialmdnt5.dll= 1037,,,,,,,1037,0,0
ialmrnt5.dll= 1037,,,,,,,1037,0,0
iAlmCoIn.dll= 1037,,,,,,,1037,0,0
ialmnt5.sys= 1037,,,,,,,1037,0,0
ialmnt5.inf= 1037,,,,,,,1037,0,0
igfxexps.dll= 1038,,,,,,,1038,0,0
igfxext.exe= 1038,,,,,,,1038,0,0
oemdspif.dll= 1038,,,,,,,1038,0,0
hkcmd.exe= 1038,,,,,,,1038,0,0
igfxhk.dll= 1038,,,,,,,1038,0,0
igfxzoom.exe= 1038,,,,,,,1038,0,0
igfxtray.exe= 1038,,,,,,,1038,0,0
igfxdo.dll= 1038,,,,,,,1038,0,0
igfxdev.dll= 1038,,,,,,,1038,0,0
igfxdgps.dll= 1038,,,,,,,1038,0,0
igfxdiag.exe= 1038,,,,,,,1038,0,0
igfxcfg.exe= 1038,,,,,,,1038,0,0
igfxcpl.cpl= 1038,,,,,,,1038,0,0
igfxeud.dll= 1038,,,,,,,1038,0,0
igfxpph.dll= 1038,,,,,,,1038,0,0
igfxsrvc.dll= 1038,,,,,,,1038,0,0
hccutils.dll= 1038,,,,,,,1038,0,0
igfxhtrk.lhp= 1038,,,,,,,1038,0,0
igfxhhun.lhp= 1038,,,,,,,1038,0,0
igfxhell.lhp= 1038,,,,,,,1038,0,0
igfxhcsy.lhp= 1038,,,,,,,1038,0,0
igfxhtha.lhp= 1038,,,,,,,1038,0,0
igfxhsve.lhp= 1038,,,,,,,1038,0,0
igfxhrus.lhp= 1038,,,,,,,1038,0,0
igfxhptg.lhp= 1038,,,,,,,1038,0,0
igfxhptb.lhp= 1038,,,,,,,1038,0,0
igfxhplk.lhp= 1038,,,,,,,1038,0,0
igfxhnor.lhp= 1038,,,,,,,1038,0,0
igfxhnld.lhp= 1038,,,,,,,1038,0,0
igfxhkor.lhp= 1038,,,,,,,1038,0,0
igfxhjpn.lhp= 1038,,,,,,,1038,0,0
igfxhita.lhp= 1038,,,,,,,1038,0,0
igfxhheb.lhp= 1038,,,,,,,1038,0,0
igfxhfrc.lhp= 1038,,,,,,,1038,0,0
igfxhfra.lhp= 1038,,,,,,,1038,0,0
igfxhfin.lhp= 1038,,,,,,,1038,0,0
igfxhesp.lhp= 1038,,,,,,,1038,0,0
igfxheng.lhp= 1038,,,,,,,1038,0,0
igfxhdeu.lhp= 1038,,,,,,,1038,0,0
igfxhdan.lhp= 1038,,,,,,,1038,0,0
igfxhcht.lhp= 1038,,,,,,,1038,0,0
igfxhchs.lhp= 1038,,,,,,,1038,0,0
igfxharb.lhp= 1038,,,,,,,1038,0,0
igfxhara.lhp= 1038,,,,,,,1038,0,0
igfxhenu.lhp= 1038,,,,,,,1038,0,0
igfxrenu.lrc= 1038,,,,,,,1038,0,0
igfxress.dll= 1038,,,,,,,1038,0,0
ialmrem.dll= 1038,,,,,,,1038,0,0
ialmgdev.dll= 1038,,,,,,,1038,0,0
ialmgicd.dll= 1038,,,,,,,1038,0,0
ialmdd5.dll= 1038,,,,,,,1038,0,0
ialmdev5.dll= 1038,,,,,,,1038,0,0
ialmdnt5.dll= 1038,,,,,,,1038,0,0
ialmrnt5.dll= 1038,,,,,,,1038,0,0
iAlmCoIn.dll= 1038,,,,,,,1038,0,0
ialmnt5.sys= 1038,,,,,,,1038,0,0
ialmnt5.inf= 1038,,,,,,,1038,0,0
igfxnt5.cat= 1039,,,,,,,1039,0,0
ialmuTRK.dll= 1039,,,,,,,1039,0,0
ialmuTHA.dll= 1039,,,,,,,1039,0,0
ialmuSVE.dll= 1039,,,,,,,1039,0,0
ialmuRUS.dll= 1039,,,,,,,1039,0,0
ialmuPTG.dll= 1039,,,,,,,1039,0,0
ialmuPTB.dll= 1039,,,,,,,1039,0,0
ialmuPLK.dll= 1039,,,,,,,1039,0,0
ialmuNOR.dll= 1039,,,,,,,1039,0,0
ialmuNLD.dll= 1039,,,,,,,1039,0,0
ialmuKOR.dll= 1039,,,,,,,1039,0,0
ialmuJPN.dll= 1039,,,,,,,1039,0,0
ialmuITA.dll= 1039,,,,,,,1039,0,0
ialmuHUN.dll= 1039,,,,,,,1039,0,0
ialmuHEB.dll= 1039,,,,,,,1039,0,0
ialmuFRC.dll= 1039,,,,,,,1039,0,0
ialmuFRA.dll= 1039,,,,,,,1039,0,0
ialmuFIN.dll= 1039,,,,,,,1039,0,0
ialmuESP.dll= 1039,,,,,,,1039,0,0
ialmuENG.dll= 1039,,,,,,,1039,0,0
ialmuELL.dll= 1039,,,,,,,1039,0,0
ialmuDEU.dll= 1039,,,,,,,1039,0,0
ialmuDAN.dll= 1039,,,,,,,1039,0,0
ialmuCSY.dll= 1039,,,,,,,1039,0,0
ialmuCHT.dll= 1039,,,,,,,1039,0,0
ialmuCHS.dll= 1039,,,,,,,1039,0,0
ialmuARB.dll= 1039,,,,,,,1039,0,0
ialmuARA.dll= 1039,,,,,,,1039,0,0
ialmudlg.exe= 1039,,,,,,,1039,0,0
igfxpers.exe= 1039,,,,,,,1039,0,0
igfxexps.dll= 1039,,,,,,,1039,0,0
igfxext.exe= 1039,,,,,,,1039,0,0
oemdspif.dll= 1039,,,,,,,1039,0,0
hkcmd.exe= 1039,,,,,,,1039,0,0
igfxzoom.exe= 1039,,,,,,,1039,0,0
igfxtray.exe= 1039,,,,,,,1039,0,0
igfxdo.dll= 1039,,,,,,,1039,0,0
igfxdev.dll= 1039,,,,,,,1039,0,0
igfxdgps.dll= 1039,,,,,,,1039,0,0
igfxcfg.exe= 1039,,,,,,,1039,0,0
igfxcpl.cpl= 1039,,,,,,,1039,0,0
igfxpph.dll= 1039,,,,,,,1039,0,0
igfxsrvc.exe= 1039,,,,,,,1039,0,0
igfxsrvc.dll= 1039,,,,,,,1039,0,0
hccutils.dll= 1039,,,,,,,1039,0,0
igfxrenu.lrc= 1039,,,,,,,1039,0,0
igfxress.dll= 1039,,,,,,,1039,0,0
ialmrem.dll= 1039,,,,,,,1039,0,0
igxpxs32.vp= 1039,,,,,,,1039,0,0
igxpxk32.vp= 1039,,,,,,,1039,0,0
igxpxa32.vp= 1039,,,,,,,1039,0,0
igxpxa32.cpa= 1039,,,,,,,1039,0,0
igldev32.dll= 1039,,,,,,,1039,0,0
iglicd32.dll= 1039,,,,,,,1039,0,0
ialmdd5.dll= 1039,,,,,,,1039,0,0
ialmdev5.dll= 1039,,,,,,,1039,0,0
ialmdnt5.dll= 1039,,,,,,,1039,0,0
ialmrnt5.dll= 1039,,,,,,,1039,0,0
iAlmCoIn.dll= 1039,,,,,,,1039,0,0
ialmnt5.sys= 1039,,,,,,,1039,0,0
ialmnt5.inf= 1039,,,,,,,1039,0,0
SMBUSati.inf= 1040,,,,,,,1040,0,0
SMbusati.cat= 1040,,,,,,,1040,0,0
btpmw32.sys= 1041,,,,,,,1041,0,0
btpmw32.inf= 1041,,,,,,,1041,0,0
btpmw32.cat= 1041,,,,,,,1041,0,0
btpmw32.sys= 1042,,,,,,,1042,0,0
btpmw32.inf= 1042,,,,,,,1042,0,0
btpmw32.cat= 1042,,,,,,,1042,0,0
ich7id2.inf= 1043,,,,,,,1043,0,0
ich7id2.cat= 1043,,,,,,,1043,0,0
ich6id2.inf= 1043,,,,,,,1043,0,0
ich6id2.cat= 1043,,,,,,,1043,0,0
ich5id2.inf= 1043,,,,,,,1043,0,0
ich5id2.cat= 1043,,,,,,,1043,0,0
ich7usb.inf= 1044,,,,,,,1044,0,0
ich7usb.cat= 1044,,,,,,,1044,0,0
ich7ide.inf= 1044,,,,,,,1044,0,0
ich7ide.cat= 1044,,,,,,,1044,0,0
ich7core.inf= 1044,,,,,,,1044,0,0
ich7core.cat= 1044,,,,,,,1044,0,0
ich6usb.inf= 1044,,,,,,,1044,0,0
ich6usb.cat= 1044,,,,,,,1044,0,0
ich6ide.inf= 1044,,,,,,,1044,0,0
ich6ide.cat= 1044,,,,,,,1044,0,0
ich6core.inf= 1044,,,,,,,1044,0,0
ich6core.cat= 1044,,,,,,,1044,0,0
ich5usb.inf= 1044,,,,,,,1044,0,0
ich5usb.cat= 1044,,,,,,,1044,0,0
ich5ide.inf= 1044,,,,,,,1044,0,0
ich5ide.cat= 1044,,,,,,,1044,0,0
ich5core.inf= 1044,,,,,,,1044,0,0
ich5core.cat= 1044,,,,,,,1044,0,0
E8500.inf= 1044,,,,,,,1044,0,0
E8500.cat= 1044,,,,,,,1044,0,0
E7520.inf= 1044,,,,,,,1044,0,0
E7520.cat= 1044,,,,,,,1044,0,0
E7220.inf= 1044,,,,,,,1044,0,0
E7220.cat= 1044,,,,,,,1044,0,0
dmi_pci.inf= 1044,,,,,,,1044,0,0
dmi_pci.cat= 1044,,,,,,,1044,0,0
945.inf= 1044,,,,,,,1044,0,0
945.cat= 1044,,,,,,,1044,0,0
915M.inf= 1044,,,,,,,1044,0,0
915M.cat= 1044,,,,,,,1044,0,0
915.inf= 1044,,,,,,,1044,0,0
915.cat= 1044,,,,,,,1044,0,0
865.inf= 1044,,,,,,,1044,0,0
865.cat= 1044,,,,,,,1044,0,0
ichXdev.inf= 1045,,,,,,,1045,0,0
ichxdev.cat= 1045,,,,,,,1045,0,0
ich8usb.inf= 1045,,,,,,,1045,0,0
ich8usb.cat= 1045,,,,,,,1045,0,0
ich8smb.inf= 1045,,,,,,,1045,0,0
ich8smb.cat= 1045,,,,,,,1045,0,0
ich8ide.inf= 1045,,,,,,,1045,0,0
ich8ide.cat= 1045,,,,,,,1045,0,0
ich8id2.inf= 1045,,,,,,,1045,0,0
ich8id2.cat= 1045,,,,,,,1045,0,0
ich8core.inf= 1045,,,,,,,1045,0,0
ich8core.cat= 1045,,,,,,,1045,0,0
ich7usb.inf= 1045,,,,,,,1045,0,0
ich7usb.cat= 1045,,,,,,,1045,0,0
ich7ide.inf= 1045,,,,,,,1045,0,0
ich7ide.cat= 1045,,,,,,,1045,0,0
ich7id2.inf= 1045,,,,,,,1045,0,0
ich7id2.cat= 1045,,,,,,,1045,0,0
ich7core.inf= 1045,,,,,,,1045,0,0
ich7core.cat= 1045,,,,,,,1045,0,0
ich6usb.inf= 1045,,,,,,,1045,0,0
ich6usb.cat= 1045,,,,,,,1045,0,0
ich6ide.inf= 1045,,,,,,,1045,0,0
ich6ide.cat= 1045,,,,,,,1045,0,0
ich6id2.inf= 1045,,,,,,,1045,0,0
ich6id2.cat= 1045,,,,,,,1045,0,0
ich6core.inf= 1045,,,,,,,1045,0,0
ich6core.cat= 1045,,,,,,,1045,0,0
ich5usb.inf= 1045,,,,,,,1045,0,0
ich5usb.cat= 1045,,,,,,,1045,0,0
ich5ide.inf= 1045,,,,,,,1045,0,0
ich5ide.cat= 1045,,,,,,,1045,0,0
ich5id2.inf= 1045,,,,,,,1045,0,0
ich5id2.cat= 1045,,,,,,,1045,0,0
ich5core.inf= 1045,,,,,,,1045,0,0
ich5core.cat= 1045,,,,,,,1045,0,0
ESB2usb.inf= 1045,,,,,,,1045,0,0
esb2usb.cat= 1045,,,,,,,1045,0,0
ESB2ide.inf= 1045,,,,,,,1045,0,0
esb2ide.cat= 1045,,,,,,,1045,0,0
ESB2id2.inf= 1045,,,,,,,1045,0,0
esb2id2.cat= 1045,,,,,,,1045,0,0
E8500.inf= 1045,,,,,,,1045,0,0
E8500.cat= 1045,,,,,,,1045,0,0
E7520.inf= 1045,,,,,,,1045,0,0
E7520.cat= 1045,,,,,,,1045,0,0
E7230.inf= 1045,,,,,,,1045,0,0
e7230.cat= 1045,,,,,,,1045,0,0
E7220.inf= 1045,,,,,,,1045,0,0
E7220.cat= 1045,,,,,,,1045,0,0
dmi_pci.inf= 1045,,,,,,,1045,0,0
dmi_pci.cat= 1045,,,,,,,1045,0,0
crestln.cat= 1045,,,,,,,1045,0,0
965m.inf= 1045,,,,,,,1045,0,0
965m.cat= 1045,,,,,,,1045,0,0
965g.inf= 1045,,,,,,,1045,0,0
965g.cat= 1045,,,,,,,1045,0,0
945GM.inf= 1045,,,,,,,1045,0,0
945gm.cat= 1045,,,,,,,1045,0,0
945.inf= 1045,,,,,,,1045,0,0
945.cat= 1045,,,,,,,1045,0,0
915M.inf= 1045,,,,,,,1045,0,0
915M.cat= 1045,,,,,,,1045,0,0
915.inf= 1045,,,,,,,1045,0,0
915.cat= 1045,,,,,,,1045,0,0
865.inf= 1045,,,,,,,1045,0,0
865.cat= 1045,,,,,,,1045,0,0
855.inf= 1045,,,,,,,1045,0,0
855.cat= 1045,,,,,,,1045,0,0
852.inf= 1045,,,,,,,1045,0,0
852.cat= 1045,,,,,,,1045,0,0
5000XZVP.inf= 1045,,,,,,,1045,0,0
5000xzvp.cat= 1045,,,,,,,1045,0,0
btpmw32.sys= 1046,,,,,,,1046,0,0
oem4.inf= 1046,,,,,,,1046,0,0
btpmw32.sys= 1046,,,,,,,1046,0,0
btpmw32.inf= 1046,,,,,,,1046,0,0
btpmw32.cat= 1046,,,,,,,1046,0,0
usbccid.sys= 1047,,,,,,,1047,0,0
usbccid.inf= 1047,,,,,,,1047,0,0
usbccid.cat= 1047,,,,,,,1047,0,0
O2MWXP.INF= 1047,,,,,,,1047,0,0
o2mwxp.cat= 1047,,,,,,,1047,0,0
O2MW2K.INF= 1047,,,,,,,1047,0,0
o2mw2k.cat= 1047,,,,,,,1047,0,0
ozscr.sys= 1048,,,,,,,1048,0,0
OZSCR.INF= 1048,,,,,,,1048,0,0
ozscr.cat= 1048,,,,,,,1048,0,0
O2MWXP.INF= 1048,,,,,,,1048,0,0
o2mwxp.cat= 1048,,,,,,,1048,0,0
ich7id2.inf= 1049,,,,,,,1049,0,0
ich7id2.cat= 1049,,,,,,,1049,0,0
ich6id2.inf= 1049,,,,,,,1049,0,0
ich6id2.cat= 1049,,,,,,,1049,0,0
ich5id2.inf= 1049,,,,,,,1049,0,0
ich5id2.cat= 1049,,,,,,,1049,0,0
ich4ide.cat= 1049,,,,,,,1049,0,0
ich4id2.cat= 1049,,,,,,,1049,0,0
ichXdev.inf= 1050,,,,,,,1050,0,0
ichxdev.cat= 1050,,,,,,,1050,0,0
ich7usb.inf= 1050,,,,,,,1050,0,0
ich7usb.cat= 1050,,,,,,,1050,0,0
ich7ide.inf= 1050,,,,,,,1050,0,0
ich7ide.cat= 1050,,,,,,,1050,0,0
ich7core.inf= 1050,,,,,,,1050,0,0
ich7core.cat= 1050,,,,,,,1050,0,0
ich6usb.inf= 1050,,,,,,,1050,0,0
ich6usb.cat= 1050,,,,,,,1050,0,0
ich6ide.inf= 1050,,,,,,,1050,0,0
ich6ide.cat= 1050,,,,,,,1050,0,0
ich6core.inf= 1050,,,,,,,1050,0,0
ich6core.cat= 1050,,,,,,,1050,0,0
ich5usb.inf= 1050,,,,,,,1050,0,0
ich5usb.cat= 1050,,,,,,,1050,0,0
ich5ide.inf= 1050,,,,,,,1050,0,0
ich5ide.cat= 1050,,,,,,,1050,0,0
ich5core.inf= 1050,,,,,,,1050,0,0
ich5core.cat= 1050,,,,,,,1050,0,0
ich4usb.inf= 1050,,,,,,,1050,0,0
ich4usb.cat= 1050,,,,,,,1050,0,0
ich4ide.inf= 1050,,,,,,,1050,0,0
ich4ide.cat= 1050,,,,,,,1050,0,0
ich4core.inf= 1050,,,,,,,1050,0,0
ich4core.cat= 1050,,,,,,,1050,0,0
E8500.inf= 1050,,,,,,,1050,0,0
E8500.cat= 1050,,,,,,,1050,0,0
E7520.inf= 1050,,,,,,,1050,0,0
E7520.cat= 1050,,,,,,,1050,0,0
E7230.inf= 1050,,,,,,,1050,0,0
e7230.cat= 1050,,,,,,,1050,0,0
E7220.inf= 1050,,,,,,,1050,0,0
E7220.cat= 1050,,,,,,,1050,0,0
dmi_pci.inf= 1050,,,,,,,1050,0,0
dmi_pci.cat= 1050,,,,,,,1050,0,0
945GM.inf= 1050,,,,,,,1050,0,0
945gm.cat= 1050,,,,,,,1050,0,0
945.inf= 1050,,,,,,,1050,0,0
945.cat= 1050,,,,,,,1050,0,0
915M.inf= 1050,,,,,,,1050,0,0
915M.cat= 1050,,,,,,,1050,0,0
915.inf= 1050,,,,,,,1050,0,0
915.cat= 1050,,,,,,,1050,0,0
865.inf= 1050,,,,,,,1050,0,0
865.cat= 1050,,,,,,,1050,0,0
855.inf= 1050,,,,,,,1050,0,0
855.cat= 1050,,,,,,,1050,0,0
852.inf= 1050,,,,,,,1050,0,0
852.cat= 1050,,,,,,,1050,0,0
tiumfw.bin= 1051,,,,,,,1051,0,0
tiumfwl.sys= 1051,,,,,,,1051,0,0
TIUMFWL.INF= 1051,,,,,,,1051,0,0
tiumfwl.cat= 1051,,,,,,,1051,0,0
tiumflt.sys= 1051,,,,,,,1051,0,0
tiumflt.inf= 1051,,,,,,,1051,0,0
tiumflt.cat= 1051,,,,,,,1051,0,0
TICB2K.INF= 1051,,,,,,,1051,0,0
ticb2k.cat= 1051,,,,,,,1051,0,0
cttib1.dll= 1051,,,,,,,1051,0,0
gticard.sys= 1051,,,,,,,1051,0,0
gticard.inf= 1051,,,,,,,1051,0,0
gticard.cat= 1051,,,,,,,1051,0,0
tifmicon.dll= 1052,,,,,,,1052,0,0
TIFMICON.INF= 1052,,,,,,,1052,0,0
TIFMICON.CAT= 1052,,,,,,,1052,0,0
tifm21.sys= 1052,,,,,,,1052,0,0
tifm21.inf= 1052,,,,,,,1052,0,0
tifm21.cat= 1052,,,,,,,1052,0,0
cttib1.dll= 1052,,,,,,,1052,0,0
tiscfw.deb= 1052,,,,,,,1052,0,0
gtipci21.sys= 1052,,,,,,,1052,0,0
gtipci21.inf= 1052,,,,,,,1052,0,0
gtipci21.cat= 1052,,,,,,,1052,0,0

