010103
010203
010303
0102032
0103032
010603
0106032
010703
0107032
010803
0108032
010903
0109032
011003
0110032
011203
011303
0113032
011403
0114032
011503
0115032
011603
0116032
011703
0117032
011803
0118032
012003
0120032
012103
0121032
012203
0122032
012303
0123032
012403
0124032
012703
0127032
012803
0128032
012903
0129032
013003
0130032
013103
0131032
020103
020303
0203032
020403
0204032
020503
0205032
020603
0206032
020703
0207032
021003
0210032
021103
0211032
021203
0212032
021303
0213032
021403
0214032
021703
0217032
021803
0218032
021903
0219032
022003
0220032
022103
0221032
022403
0224032
022503
0225032
022603
0226032
022703
0227032
022803
0228032
030103
030303
0303032
030403
0304032
030503
0305032
030603
0306032
030703
0307032
030803
0308032
031003
0310032
031103
0311032
031203
0312032
031303
0313032
031403
0314032
031703
0317032
031803
0318032
031903
0319032
032003
0320032
032103
0321032
032403
0324032
032503
0325032
032603
0326032
032703
