-------------------------
  CPU-Z version 1.39
-------------------------

Processors Map
------------------------------------------------------------------------------------

Number of processors	1
Number of threads	1

Processor 0
    -- Core 0
        -- Thread 0


Processors Information
------------------------------------------------------------------------------------

Processor 1 (ID = 0)
Number of cores		1
Number of threads	1 (max 1)
Name			Intel Pentium M 730
Codename		Dothan
Specification		Intel(R) Pentium(R) M processor 1.60GHz
Package			Socket 479 mPGA (platform ID = 5h)
CPUID			6.D.8
Extended CPUID		6.D
Brand ID		22
Core Stepping		C0
Technology		90 nm
Core Speed		1595.9 MHz (12.0 x 133.0 MHz)
Rated Bus speed		532.0 MHz
Stock frequency		1600 MHz
Instructions sets	MMX, SSE, SSE2
L1 Data cache		32 KBytes, 8-way set associative, 64-byte line size
L1 Instruction cache	32 KBytes, 8-way set associative, 64-byte line size
L2 cache		2048 KBytes, 8-way set associative, 64-byte line size
FID/VID Control		yes
FID range		6.0x - 12.0x
max VID			1.308V


Thread dumps
------------------------------------------------------------------------------------

CPU Thread 0
APIC ID			0
Topology		Processor ID 0, Core ID 0, Thread ID 0
Type			01002001h
Max CPUID level		00000002h
Max CPUID ext. level	80000008h

Function		eax		ebx		ecx		edx
0x00000000		0x00000002	0x756E6547	0x6C65746E	0x49656E69
0x00000001		0x000006D8	0x00000816	0x00000180	0xAFE9F9FF
0x00000002		0x02B3B001	0x000000F0	0x00000000	0x2C04307D
0x80000000		0x80000008	0x00000000	0x00000000	0x00000000
0x80000001		0x00000000	0x00000000	0x00000000	0x00100000
0x80000002		0x20202020	0x20202020	0x65746E49	0x2952286C
0x80000003		0x6E655020	0x6D756974	0x20295228	0x7270204D
0x80000004		0x7365636F	0x20726F73	0x30362E31	0x007A4847
0x80000005		0x00000000	0x00000000	0x00000000	0x00000000
0x80000006		0x00000000	0x00000000	0x08006040	0x00000000
0x80000007		0x00000000	0x00000000	0x00000000	0x00000000
0x80000008		0x00002020	0x00000000	0x00000000	0x00000000

MSR 0x000001A0		edx = 0x00000000	eax = 0x00111488
MSR 0x00000017		edx = 0x00140000	eax = 0xD0248626
MSR 0x00000198		edx = 0x06120C26	eax = 0x06000612
MSR 0x00000199		edx = 0x00000000	eax = 0x00000612


Chipset
------------------------------------------------------------------------------

Northbridge		Intel i915PM/GM rev. 03
Southbridge		Intel 82801FBM (ICH6-M) rev. 03
Graphic Interface	PCI-Express
PCI-E Link Width	x16
PCI-E Max Link Width	x16
Memory Type		DDR2
Memory Size		512 MBytes
Memory Frequency	199.5 MHz (2:3)
CAS#			3.0
RAS# to CAS#		3
RAS# Precharge		3
Cycle Time (tRAS)	8

MCHBAR dump
-----------

       0  1  2  3  4  5  6  7  8  9  A  B  C  D  E  F 
000   00 00 00 00 00 00 00 00 00 00 00 00 00 00 00 00 
010   00 00 00 00 00 00 00 00 00 00 00 00 00 00 00 00 
020   00 00 00 00 00 00 00 00 00 00 00 00 00 00 00 00 
030   00 00 00 00 00 00 00 00 00 00 00 00 00 00 00 00 
040   08 00 00 00 31 00 00 00 00 02 80 80 00 00 40 00 
050   00 00 00 00 00 00 00 00 00 00 00 00 00 00 00 00 
060   00 00 00 00 00 00 00 00 00 00 00 00 00 00 00 00 
070   00 00 00 00 00 00 00 00 00 00 00 00 00 00 00 00 
080   00 00 00 00 00 00 00 00 00 00 00 00 00 00 00 00 
090   55 01 00 00 00 00 00 00 00 00 00 00 00 00 00 00 
0A0   00 00 00 00 00 00 D8 00 00 00 00 00 00 00 00 00 
0B0   00 00 D8 00 00 00 00 00 00 00 00 00 00 00 00 00 
0C0   00 00 00 00 00 00 00 00 00 00 00 00 00 00 00 00 
0D0   00 00 00 00 00 00 00 00 00 00 00 00 00 00 00 00 
0E0   00 00 00 00 00 00 00 00 00 00 00 00 00 00 00 00 
0F0   00 00 00 00 00 00 40 00 00 00 00 00 00 00 00 00 
100   08 08 08 08 00 00 00 00 03 00 00 00 03 00 00 00 
110   C8 20 78 98 11 AA 80 02 28 02 00 80 C8 00 C8 00 
120   06 0A 00 40 00 19 0E E2 F0 01 00 0E 00 00 00 00 
130   C4 06 00 00 6D 06 1A 87 20 02 04 10 00 00 00 00 
140   00 59 3A 77 08 29 10 00 01 01 02 07 03 0C 00 00 
150   1E 7B 29 A4 66 C2 8F EB 00 2C 20 00 00 02 00 00 
160   80 00 00 00 20 00 00 00 15 55 00 02 98 87 01 E0 
170   00 00 00 00 00 00 00 00 00 00 00 00 00 00 00 00 
180   08 08 08 08 00 00 00 00 03 00 00 00 03 00 00 00 
190   C8 20 78 98 11 AA 80 02 28 02 00 80 C8 00 C8 00 
1A0   06 0A 00 40 00 19 0E E2 F0 01 00 0E 00 00 00 00 
1B0   C4 06 00 00 6D 06 1A 87 20 02 04 10 00 00 00 00 
1C0   00 59 3A 77 08 29 10 00 01 01 02 07 03 0C 00 00 
1D0   1E 7B 29 A4 66 C2 8F EB 00 2C 20 00 00 02 00 00 
1E0   00 00 00 00 20 00 00 00 15 55 00 02 98 87 01 E0 
1F0   00 00 00 00 00 00 00 00 00 00 00 00 00 00 00 00 
200   02 02 0F 00 00 00 00 00 00 08 01 00 02 04 00 00 
210   04 08 00 01 02 00 00 00 00 04 00 86 00 00 00 00 
220   64 02 21 00 00 03 00 00 00 00 00 00 00 00 00 00 
230   02 00 00 34 00 00 00 00 00 00 00 00 00 00 00 00 
240   00 00 00 00 00 00 00 00 00 00 00 00 00 00 00 00 
250   00 00 00 00 00 00 00 00 00 00 00 00 00 00 00 00 
260   00 00 00 00 00 00 00 00 00 00 00 00 00 00 00 00 
270   00 00 00 00 00 00 00 00 00 00 00 00 00 00 00 00 
280   77 66 00 00 40 40 00 10 00 00 00 00 00 00 00 00 
290   00 00 00 00 00 00 00 00 FF FF 00 FF FF 00 00 00 
2A0   48 00 00 00 00 00 00 00 F0 03 FF 02 00 00 00 00 
2B0   00 00 00 00 00 00 00 00 00 00 00 00 00 00 00 00 
2C0   00 00 00 00 00 00 00 00 00 00 00 00 00 00 00 00 
2D0   00 00 00 00 00 00 00 00 00 00 00 00 00 00 00 00 
2E0   01 00 00 00 00 00 00 00 00 00 00 00 00 00 00 00 
2F0   00 00 00 00 07 20 00 00 00 07 05 00 00 00 00 00 
300   44 44 44 44 44 44 44 44 00 00 00 00 00 00 00 00 
310   44 44 44 44 44 44 44 44 00 00 00 00 00 00 00 00 
320   44 44 44 44 44 44 44 44 00 00 00 00 00 00 00 00 
330   44 44 44 44 44 44 44 44 00 00 00 00 00 00 00 00 
340   22 00 00 00 00 00 00 00 00 00 00 00 00 00 00 00 
350   00 00 00 00 00 00 00 00 00 00 00 28 00 00 00 00 
360   00 00 00 00 00 00 00 00 00 00 00 00 00 00 00 00 
370   00 00 00 00 00 00 00 00 00 00 00 00 01 00 00 00 
380   44 44 44 44 44 44 44 44 00 00 00 00 00 00 00 00 
390   44 44 44 44 44 44 44 44 00 00 00 00 00 00 00 00 
3A0   44 44 44 44 44 44 44 44 00 00 00 00 00 00 00 00 
3B0   44 44 44 44 44 44 44 44 00 00 00 00 00 00 00 00 
3C0   22 00 00 00 00 00 00 00 00 00 00 00 00 00 00 00 
3D0   00 00 00 00 00 00 00 00 00 00 00 00 00 00 00 00 
3E0   00 00 00 00 00 00 00 00 00 00 00 00 00 00 00 00 
3F0   00 00 00 00 00 00 00 00 00 00 00 00 01 00 00 00 
400   03 05 00 10 00 00 00 00 00 00 00 00 00 00 00 00 
410   22 00 00 88 00 00 00 00 00 00 00 88 00 00 00 00 
420   00 00 00 88 00 00 00 00 00 00 00 88 00 00 00 00 
430   33 00 00 88 00 00 00 00 33 00 00 88 00 00 00 00 
440   00 00 00 00 00 00 00 00 00 00 00 00 00 00 00 00 
450   00 00 00 00 00 00 00 00 00 00 00 00 00 00 00 00 
460   00 00 00 00 00 00 00 00 00 00 00 00 00 00 00 00 
470   00 00 00 00 00 00 00 00 00 00 00 00 00 00 00 00 
480   00 00 00 00 00 00 00 00 00 00 00 00 00 00 00 00 
490   22 00 00 88 00 00 00 00 00 00 00 88 00 00 00 00 
4A0   00 00 00 00 00 00 00 00 00 00 00 00 00 00 00 00 
4B0   00 00 00 00 00 00 00 00 00 00 00 00 00 00 00 00 
4C0   00 00 00 00 00 00 00 00 00 00 00 00 00 00 00 00 
4D0   00 00 00 00 00 00 00 00 00 00 00 00 00 00 00 00 
4E0   1E 1A 1E 1A 26 22 26 22 14 13 14 13 01 01 01 01 
4F0   00 00 00 00 00 00 00 00 00 00 00 00 00 00 00 00 
500   06 07 08 0A 0B 0C 0D 0D 0E 0F 10 11 12 13 15 17 
510   19 1B 1D 1F 21 23 25 27 29 2B 2D 2F 31 33 35 37 
520   06 07 08 09 0A 0B 0B 0B 0C 0D 0E 0F 10 11 12 14 
530   16 18 1A 1C 1E 20 22 24 26 28 2A 2C 2E 30 32 34 
540   03 05 07 09 0B 0D 0F 11 13 15 17 19 1B 1D 1F 21 
550   23 25 27 29 2B 2D 2F 31 33 35 37 39 3B 3D 3F 3F 
560   0F 11 13 15 17 19 1B 1D 1F 21 23 25 27 29 2B 2D 
570   2F 31 33 35 37 39 3B 3D 3F 3F 3F 3F 3F 3F 3F 3F 
580   00 00 00 00 00 00 00 00 00 00 00 00 00 00 00 00 
590   00 00 00 00 00 00 00 00 00 00 00 00 00 00 00 00 
5A0   00 00 00 00 00 00 00 00 00 00 00 00 00 00 00 00 
5B0   00 00 00 00 00 00 00 00 00 00 00 00 00 00 00 00 
5C0   03 05 07 09 0B 0D 0F 11 13 15 17 19 1B 1D 1F 21 
5D0   23 25 27 29 2B 2D 2F 31 33 35 37 39 3B 3D 3F 3F 
5E0   0F 11 13 15 17 19 1B 1D 1F 21 23 25 27 29 2B 2D 
5F0   2F 31 33 35 37 39 3B 3D 3F 3F 3F 3F 3F 3F 3F 3F 
600   02 03 04 05 06 07 08 09 0A 0B 0C 0D 0E 0F 11 13 
610   15 17 19 1B 1D 1F 21 23 25 27 29 2B 2D 2F 31 33 
620   05 07 09 09 0A 0B 0C 0D 0E 0F 10 11 13 15 17 19 
630   1B 1D 1F 21 23 25 27 29 2B 2D 2F 31 33 35 37 39 
640   02 03 04 05 06 07 08 09 0A 0B 0C 0D 0E 0F 11 13 
650   15 17 19 1B 1D 1F 21 23 25 27 29 2B 2D 2F 31 33 
660   05 07 09 09 0A 0B 0C 0D 0E 0F 10 11 13 15 17 19 
670   1B 1D 1F 21 23 25 27 29 2B 2D 2F 31 33 35 37 39 
680   06 07 08 0A 0B 0C 0D 0D 0E 0F 10 11 12 13 15 17 
690   19 1B 1D 1F 21 23 25 27 29 2B 2D 2F 31 33 35 37 
6A0   06 07 08 09 0A 0B 0B 0B 0C 0D 0E 0F 10 11 12 14 
6B0   16 18 1A 1C 1E 20 22 24 26 28 2A 2C 2E 30 32 34 
6C0   03 05 07 09 0B 0D 0F 11 13 15 17 19 1B 1D 1F 21 
6D0   23 25 27 29 2B 2D 2F 31 33 35 37 39 3B 3D 3F 3F 
6E0   0F 11 13 15 17 19 1B 1D 1F 21 23 25 27 29 2B 2D 
6F0   2F 31 33 35 37 39 3B 3D 3F 3F 3F 3F 3F 3F 3F 3F 
700   00 00 00 00 00 00 00 00 00 00 00 00 00 00 00 00 
710   00 00 00 00 00 00 00 00 00 00 00 00 00 00 00 00 
720   00 00 00 00 00 00 00 00 00 00 00 00 00 00 00 00 
730   00 00 00 00 00 00 00 00 00 00 00 00 00 00 00 00 
740   00 00 00 00 00 00 00 00 00 00 00 00 00 00 00 00 
750   00 00 00 00 00 00 00 00 00 00 00 00 00 00 00 00 
760   00 00 00 00 00 00 00 00 00 00 00 00 00 00 00 00 
770   00 00 00 00 00 00 00 00 00 00 00 00 00 00 00 00 
780   00 00 00 00 00 00 00 00 00 00 00 00 00 00 00 00 
790   00 00 00 00 00 00 00 00 00 00 00 00 00 00 00 00 
7A0   00 00 00 00 00 00 00 00 00 00 00 00 00 00 00 00 
7B0   00 00 00 00 00 00 00 00 00 00 00 00 00 00 00 00 
7C0   00 00 00 00 00 00 00 00 00 00 00 00 00 00 00 00 
7D0   00 00 00 00 00 00 00 00 00 00 00 00 00 00 00 00 
7E0   00 00 00 00 00 00 00 00 00 00 00 00 00 00 00 00 
7F0   00 00 00 00 00 00 00 00 00 00 00 00 00 00 00 00 
800   00 00 00 00 00 00 00 00 00 00 00 00 00 00 00 00 
810   00 00 00 00 00 00 00 00 00 00 00 00 00 00 00 00 
820   00 00 00 00 00 00 00 00 00 00 00 00 00 00 00 00 
830   00 00 00 00 00 00 00 00 00 00 00 00 00 00 00 00 
840   00 00 00 00 00 00 00 00 00 00 00 00 00 00 00 00 
850   00 00 00 00 00 00 00 00 00 00 00 00 00 00 00 00 
860   00 00 00 00 00 00 00 00 00 00 00 00 00 00 00 00 
870   00 00 00 00 00 00 00 00 00 00 00 00 00 00 00 00 
880   00 00 00 00 00 00 00 00 00 00 00 00 00 00 00 00 
890   00 00 00 00 00 00 00 00 00 00 00 00 00 00 00 00 
8A0   00 00 00 00 00 00 00 00 00 00 00 00 00 00 00 00 
8B0   00 00 00 00 00 00 00 00 00 00 00 00 00 00 00 00 
8C0   00 00 00 00 00 00 00 00 00 00 00 00 00 00 00 00 
8D0   00 00 00 00 00 00 00 00 00 00 00 00 00 00 00 00 
8E0   00 00 00 00 00 00 00 00 00 00 00 00 00 00 00 00 
8F0   00 00 00 00 00 00 00 00 00 00 00 00 00 00 00 00 
900   00 00 00 00 00 00 00 00 00 00 00 00 00 00 00 00 
910   00 00 00 00 00 00 00 00 00 00 00 00 00 00 00 00 
920   00 00 00 00 00 00 00 00 00 00 00 00 00 00 00 00 
930   00 00 00 00 00 00 00 00 00 00 00 00 00 00 00 00 
940   00 00 00 00 00 00 00 00 00 00 00 00 00 00 00 00 
950   00 00 00 00 00 00 00 00 00 00 00 00 00 00 00 00 
960   00 00 00 00 00 00 00 00 00 00 00 00 00 00 00 00 
970   00 00 00 00 00 00 00 00 00 00 00 00 00 00 00 00 
980   00 00 00 00 00 00 00 00 00 00 00 00 00 00 00 00 
990   00 00 00 00 00 00 00 00 00 00 00 00 00 00 00 00 
9A0   00 00 00 00 00 00 00 00 00 00 00 00 00 00 00 00 
9B0   00 00 00 00 00 00 00 00 00 00 00 00 00 00 00 00 
9C0   00 00 00 00 00 00 00 00 00 00 00 00 00 00 00 00 
9D0   00 00 00 00 00 00 00 00 00 00 00 00 00 00 00 00 
9E0   00 00 00 00 00 00 00 00 00 00 00 00 00 00 00 00 
9F0   00 00 00 00 00 00 00 00 00 00 00 00 00 00 00 00 
A00   00 00 00 00 00 00 00 00 00 00 00 00 00 00 00 00 
A10   00 00 00 00 00 00 00 00 00 00 00 00 00 00 00 00 
A20   00 00 00 00 00 00 00 00 00 00 00 00 00 00 00 00 
A30   00 00 00 00 00 00 00 00 00 00 00 00 00 00 00 00 
A40   00 00 00 00 00 00 00 00 00 00 00 00 00 00 00 00 
A50   00 00 00 00 00 00 00 00 00 00 00 00 00 00 00 00 
A60   00 00 00 00 00 00 00 00 00 00 00 00 00 00 00 00 
A70   00 00 00 00 00 00 00 00 00 00 00 00 00 00 00 00 
A80   00 00 00 00 00 00 00 00 00 00 00 00 00 00 00 00 
A90   00 00 00 00 00 00 00 00 00 00 00 00 00 00 00 00 
AA0   00 00 00 00 00 00 00 00 00 00 00 00 00 00 00 00 
AB0   00 00 00 00 00 00 00 00 00 00 00 00 00 00 00 00 
AC0   00 00 00 00 00 00 00 00 00 00 00 00 00 00 00 00 
AD0   00 00 00 00 00 00 00 00 00 00 00 00 00 00 00 00 
AE0   00 00 00 00 00 00 00 00 00 00 00 00 00 00 00 00 
AF0   00 00 00 00 00 00 00 00 00 00 00 00 00 00 00 00 
B00   02 00 00 00 00 00 00 00 3A 00 42 00 22 00 20 00 
B10   36 00 38 00 24 00 24 00 A2 00 0C 82 00 00 00 00 
B20   00 00 00 00 00 00 00 00 00 00 00 00 00 00 00 00 
B30   00 00 00 00 00 00 00 00 00 00 00 00 00 00 00 00 
B40   10 10 10 10 10 10 10 10 10 10 10 1E 24 2E 36 38 
B50   38 3A 3C 3F 3F 3F 3F 3F 3F 3F 3F 3F 3F 3F 3F 3F 
B60   10 10 10 10 18 1E 22 24 24 24 24 24 24 24 24 24 
B70   24 24 24 24 24 24 24 24 24 24 24 24 24 24 24 24 
B80   00 00 00 00 00 00 00 00 00 00 00 00 00 00 00 00 
B90   00 00 00 00 00 00 00 00 00 00 00 00 00 00 00 00 
BA0   00 00 00 00 00 00 00 00 00 00 00 00 00 00 00 00 
BB0   00 00 00 00 00 00 00 00 00 00 00 00 00 00 00 00 
BC0   00 00 00 00 00 00 00 00 00 00 00 00 00 00 00 00 
BD0   00 FF FF CC CC 00 00 00 0F 00 00 00 00 00 00 00 
BE0   00 00 00 00 00 00 00 00 00 00 00 00 00 00 00 00 
BF0   00 00 00 00 00 00 00 00 00 00 00 00 00 00 00 00 
C00   21 04 00 00 01 01 01 01 00 00 00 00 00 00 00 00 
C10   00 00 00 00 08 00 80 00 00 00 00 00 05 05 00 00 
C20   00 00 00 00 00 00 00 00 00 00 00 00 00 00 00 00 
C30   BC 00 00 00 00 00 00 00 00 00 00 00 00 00 00 00 
C40   00 00 00 00 00 00 00 00 00 00 00 00 00 00 00 00 
C50   00 00 00 00 00 00 00 00 00 00 00 00 00 00 00 00 
C60   00 00 00 00 00 00 00 00 00 00 00 00 00 00 00 00 
C70   00 00 00 00 00 00 00 00 00 00 00 00 00 00 00 00 
C80   00 00 00 00 00 00 00 00 B3 02 10 91 2A 3D 00 00 
C90   00 00 00 00 99 00 8E 00 00 00 00 00 00 00 00 00 
CA0   00 00 00 00 00 00 00 00 00 00 00 00 00 00 00 00 
CB0   00 00 00 00 00 00 00 00 00 00 00 00 00 00 00 00 
CC0   00 00 00 00 00 00 00 00 00 00 00 00 00 00 00 00 
CD0   01 01 01 01 1C 7F 01 00 B3 02 11 9B 25 37 00 00 
CE0   00 00 00 00 99 00 85 00 00 00 00 00 00 00 00 00 
CF0   00 00 00 00 00 00 00 00 00 00 00 00 00 00 00 00 
D00   00 00 00 00 00 00 00 00 00 00 00 00 00 00 00 00 
D10   00 00 00 00 00 00 00 00 00 00 00 00 00 00 00 00 
D20   00 00 00 00 00 00 00 00 00 00 00 00 00 00 00 00 
D30   00 00 00 00 00 00 00 00 00 00 00 00 00 00 00 00 
D40   00 00 00 00 00 00 00 00 00 00 00 00 00 00 00 00 
D50   00 00 00 00 00 00 00 00 00 00 00 00 00 00 00 00 
D60   00 00 00 00 00 00 00 00 00 00 00 00 00 00 00 00 
D70   00 00 00 00 00 00 00 00 00 00 00 00 00 00 00 00 
D80   00 00 00 00 00 00 00 00 00 00 00 00 00 00 00 00 
D90   00 00 00 00 00 00 00 00 00 00 00 00 00 00 00 00 
DA0   00 00 00 00 00 00 00 00 00 00 00 00 00 00 00 00 
DB0   00 00 00 00 00 00 00 00 00 00 00 00 00 00 00 00 
DC0   00 00 00 00 00 00 00 00 00 00 00 00 00 00 00 00 
DD0   00 00 00 00 00 00 00 00 00 00 00 00 00 00 00 00 
DE0   00 00 00 00 00 00 00 00 00 00 00 00 00 00 00 00 
DF0   00 00 00 00 00 00 00 00 00 00 00 00 00 00 00 00 
E00   00 00 00 00 00 00 00 00 D9 00 20 00 18 00 00 00 
E10   83 F3 CF 42 81 82 E3 05 88 0E C0 33 00 00 00 00 
E20   00 00 00 00 00 00 00 00 90 00 00 00 00 00 00 00 
E30   00 00 00 00 00 00 00 00 00 00 00 00 00 00 00 00 
E40   00 00 00 00 00 00 00 00 00 00 00 00 00 00 00 00 
E50   03 C9 19 08 00 00 00 00 00 00 00 00 00 00 00 00 
E60   00 00 00 00 00 00 00 00 00 00 00 00 00 00 00 00 
E70   00 00 00 00 00 00 00 00 00 00 00 00 00 00 00 00 
E80   00 00 00 00 00 00 00 00 00 00 00 00 00 00 00 00 
E90   00 00 00 00 00 00 00 00 00 00 00 00 00 00 00 00 
EA0   00 00 00 00 00 00 00 00 00 00 00 00 00 00 00 00 
EB0   00 00 00 00 00 00 00 00 00 00 00 00 00 00 00 00 
EC0   00 00 00 00 00 00 00 00 00 00 00 00 00 00 00 00 
ED0   00 00 00 00 00 00 00 00 00 00 00 00 00 00 00 00 
EE0   00 00 00 00 00 00 00 00 00 00 00 00 00 00 00 00 
EF0   00 00 00 00 00 00 00 00 00 00 00 00 00 00 00 00 
F00   00 03 00 00 00 04 00 00 6C 60 6C 60 6C 60 00 00 
F10   10 00 00 00 00 00 00 00 00 00 00 00 00 00 00 00 
F20   00 00 00 00 00 00 00 00 00 00 00 00 00 00 00 00 
F30   00 00 00 00 00 00 00 00 00 00 00 00 00 00 00 00 
F40   00 00 00 00 43 21 00 00 00 00 00 00 00 00 00 00 
F50   00 00 00 00 00 00 00 00 00 00 00 00 00 00 00 00 
F60   00 00 00 00 00 00 00 00 00 00 00 00 00 00 00 00 
F70   00 00 00 00 00 00 00 00 00 00 00 00 00 00 00 00 
F80   00 00 00 00 00 00 00 00 00 00 00 00 00 00 00 00 
F90   00 00 00 00 00 00 00 00 00 00 00 00 00 00 00 00 
FA0   00 00 00 00 00 00 00 00 00 00 00 00 00 00 00 00 
FB0   00 00 00 00 00 00 00 00 00 00 00 00 00 00 00 00 
FC0   00 00 00 00 00 00 00 00 00 00 00 00 00 00 00 00 
FD0   00 00 00 00 00 00 00 00 00 00 00 00 00 00 00 00 
FE0   00 00 00 00 00 00 00 00 00 00 00 00 00 00 00 00 
FF0   00 00 00 00 00 00 00 00 00 00 00 00 00 00 00 00 


Memory SPD
------------------------------------------------------------------------------

DIMM #1

General
Memory type		DDR2
Manufacturer (ID)	Hyundai Electronics (AD00000000000000)
Size			256 MBytes
Max bandwidth		PC2-3200 (200 MHz)
Part number		HYMP532S646-E3    
Serial number		00004252
Manufacturing date	Week 08/Year 05

Attributes
Number of banks		1
Data width		64 bits
Correction		None
EPP			no

Timings table
Frequency (MHz)		200	200	200	
CAS#			3.0	4.0	5.0	
RAS# to CAS# delay	3	3	3	
RAS# Precharge		3	3	3	
TRAS			8	8	8	
TRC			11	11	11	


DIMM #2

General
Memory type		DDR2
Manufacturer (ID)	Hyundai Electronics (AD00000000000000)
Size			256 MBytes
Max bandwidth		PC2-3200 (200 MHz)
Part number		HYMP532S646-E3    
Serial number		00002254
Manufacturing date	Week 08/Year 05

Attributes
Number of banks		1
Data width		64 bits
Correction		None
EPP			no

Timings table
Frequency (MHz)		200	200	200	
CAS#			3.0	4.0	5.0	
RAS# to CAS# delay	3	3	3	
RAS# Precharge		3	3	3	
TRAS			8	8	8	
TRC			11	11	11	


Dump Module #1
      0  1  2  3  4  5  6  7  8  9  A  B  C  D  E  F 
00   80 08 08 0D 0A 60 40 00 05 50 60 00 02 10 00 00 
10   0C 04 38 01 04 00 01 50 60 50 60 3C 28 3C 28 40 
20   35 47 15 27 3C 28 1E 00 00 37 69 80 23 2D 00 58 
30   72 93 2B 24 2F 2B 16 52 24 47 00 00 00 00 12 59 
40   AD 00 00 00 00 00 00 00 01 48 59 4D 50 35 33 32 
50   53 36 34 36 2D 45 33 20 20 20 20 41 41 05 08 00 
60   00 42 52 00 00 00 00 00 00 00 00 00 00 00 00 37 
70   53 35 32 4E 35 32 35 31 32 2D 30 37 00 00 00 00 


Dump Module #2
      0  1  2  3  4  5  6  7  8  9  A  B  C  D  E  F 
00   80 08 08 0D 0A 60 40 00 05 50 60 00 02 10 00 00 
10   0C 04 38 01 04 00 01 50 60 50 60 3C 28 3C 28 40 
20   35 47 15 27 3C 28 1E 00 00 37 69 80 23 2D 00 58 
30   72 93 2B 24 2F 2B 16 52 24 47 00 00 00 00 12 59 
40   AD 00 00 00 00 00 00 00 01 48 59 4D 50 35 33 32 
50   53 36 34 36 2D 45 33 20 20 20 20 41 41 05 08 00 
60   00 22 54 00 00 00 00 00 00 00 00 00 00 00 00 37 
70   53 35 32 4E 35 32 35 31 32 2D 30 37 00 00 00 00 


Monitoring
------------------------------------------------------------------------------

Sensor Chip		SMSC 1D01


PCI Device List
------------------------------------------------------------------------------

Host Bridge
bus 0 (0x00), device 0 (0x00), function 0 (0x00)
Common header
	Vendor ID		0x8086
	Model ID		0x2590
	Revision ID		0x03
	PI			0x00
	SubClass		0x00
	BaseClass		0x06
	Cache Line		0x00
	Latency			0x00
	Header			0x00
PCI header
	Subvendor ID		0x1028
	Subsystem ID		0x0182
	Int. Line		0x00
	Int. Pin		0x00
Capabilities
	Vendor Dependant Capability
		Offset		E0h
Dump
	      0  1  2  3  4  5  6  7  8  9  A  B  C  D  E  F 
	00   86 80 90 25 06 00 90 20 03 00 00 06 00 00 00 00 
	10   00 00 00 00 00 00 00 00 00 00 00 00 00 00 00 00 
	20   00 00 00 00 00 00 00 00 00 00 00 00 28 10 82 01 
	30   00 00 00 00 E0 00 00 00 00 00 00 00 00 00 00 00 
	40   00 50 00 F0 00 00 00 F0 00 00 00 E0 00 40 00 F0 
	50   00 00 02 00 03 00 00 B8 00 00 00 00 00 00 00 00 
	60   01 60 00 F0 00 00 00 00 00 00 00 00 00 00 00 00 
	70   00 00 00 00 00 00 00 00 00 00 00 00 00 00 00 00 
	80   00 00 00 00 00 00 00 00 00 00 00 00 00 00 00 00 
	90   10 11 11 00 00 00 00 00 00 00 00 00 20 0A F8 00 
	A0   00 00 00 00 00 00 00 00 00 00 00 00 00 00 00 00 
	B0   00 00 00 00 00 00 00 00 00 00 00 00 00 00 00 00 
	C0   00 00 00 00 00 00 00 00 00 00 00 00 00 00 00 00 
	D0   00 00 00 00 00 00 00 00 00 00 00 00 19 00 00 00 
	E0   09 00 09 21 42 E8 EB B0 0A 00 00 00 00 00 00 00 
	F0   00 00 00 00 00 00 00 00 00 00 04 00 10 00 00 00 


PCI to PCI Bridge
bus 0 (0x00), device 1 (0x01), function 0 (0x00)
Common header
	Vendor ID		0x8086
	Model ID		0x2591
	Revision ID		0x03
	PI			0x00
	SubClass		0x04
	BaseClass		0x06
	Cache Line		0x10
	Latency			0x00
	Header			0x01
PCI header
	Primary bus		0x00
	Secondary bus		0x01
	Int. Line		0x09
	Int. Pin		0x01
Capabilities
	Subsystem Vendor Capability
		Offset		88h
		Subsystem ID	0x0000
		Sub. Vendor ID	0x8086
	Power Management Capability
		Offset		80h
		Version		1.1
	Message Signalled Interrupts Capability
		Offset		90h
	PCI Express Capability
		Offset		A0h
		Device type	Root Port of PCI-E Root Complex
		Port		2
		Version		1.0
		Physical slot	#0
		Presence detect	yes
		Link width	16x (max 16x)
Extended capabilities
	Virtual Channel
		Offset		100h
	Root Complex Link Declaration
		Offset		140h
		Link Entries #	1
		Port Number	2
Dump
	      0  1  2  3  4  5  6  7  8  9  A  B  C  D  E  F 
	00   86 80 91 25 07 01 10 00 03 00 04 06 10 00 01 00 
	10   00 00 00 00 00 00 00 00 00 01 01 00 D0 D0 00 00 
	20   D0 DF E0 DF 00 D0 F0 D7 00 00 00 00 00 00 00 00 
	30   00 00 00 00 88 00 00 00 00 00 00 00 09 01 0A 00 
	40   00 00 00 00 00 00 00 00 00 00 00 00 00 00 00 00 
	50   00 00 00 00 00 00 00 00 00 00 00 00 00 00 00 00 
	60   00 00 00 00 00 00 00 00 00 00 00 00 00 00 00 00 
	70   00 00 00 00 00 00 00 00 00 00 00 00 00 00 00 02 
	80   01 90 02 C8 00 00 00 00 0D 80 00 00 86 80 00 00 
	90   05 A0 00 00 00 00 00 00 00 00 00 00 00 00 00 00 
	A0   10 00 41 01 00 00 00 00 00 00 01 00 01 2D 01 02 
	B0   42 00 01 11 80 25 08 00 C0 01 48 00 00 00 00 00 
	C0   00 00 00 00 00 00 00 00 00 00 00 00 00 00 00 00 
	D0   00 00 00 00 00 00 00 00 00 00 00 00 00 00 00 00 
	E0   00 00 00 00 00 00 00 00 00 00 00 00 05 00 00 00 
	F0   00 00 01 00 00 00 00 00 00 00 04 00 00 00 80 B3 


PCI to PCI Bridge
bus 0 (0x00), device 28 (0x1C), function 0 (0x00)
Common header
	Vendor ID		0x8086
	Model ID		0x2660
	Revision ID		0x03
	PI			0x00
	SubClass		0x04
	BaseClass		0x06
	Cache Line		0x10
	Latency			0x00
	Header			0x81
PCI header
	Primary bus		0x00
	Secondary bus		0x02
	Int. Line		0x09
	Int. Pin		0x01
Capabilities
	PCI Express Capability
		Offset		40h
		Device type	Root Port of PCI-E Root Complex
		Port		1
		Version		1.0
		Physical slot	#0
		Presence detect	yes
		Link width	1x (max 1x)
	Message Signalled Interrupts Capability
		Offset		80h
	Subsystem Vendor Capability
		Offset		90h
		Subsystem ID	0x0000
		Sub. Vendor ID	0x0000
	Power Management Capability
		Offset		A0h
		Version		1.1
Extended capabilities
	Virtual Channel
		Offset		100h
	Root Complex Link Declaration
		Offset		180h
		Link Entries #	1
		Port Number	1
Dump
	      0  1  2  3  4  5  6  7  8  9  A  B  C  D  E  F 
	00   86 80 60 26 07 00 10 00 03 00 04 06 10 00 81 00 
	10   00 00 00 00 00 00 00 00 00 02 02 00 F0 00 00 00 
	20   C0 DF C0 DF F1 FF 01 00 00 00 00 00 00 00 00 00 
	30   00 00 00 00 40 00 00 00 00 00 00 00 09 01 06 00 
	40   10 80 41 01 E0 0F 00 00 00 00 11 00 11 2C 01 01 
	50   40 00 11 10 E0 A0 10 00 00 00 48 00 00 00 00 00 
	60   00 00 00 00 00 00 00 00 00 00 00 00 00 00 00 00 
	70   00 00 00 00 00 00 00 00 00 00 00 00 00 00 00 00 
	80   05 90 00 00 00 00 00 00 00 00 00 00 00 00 00 00 
	90   0D A0 00 00 00 00 00 00 00 00 00 00 00 00 00 00 
	A0   01 00 02 C8 00 00 00 00 00 00 00 00 00 00 00 00 
	B0   00 00 00 00 00 00 00 00 00 00 00 00 00 00 00 00 
	C0   00 00 00 00 00 00 00 00 00 00 00 00 00 00 00 00 
	D0   00 50 00 00 00 50 00 00 00 00 11 00 00 00 00 00 
	E0   00 00 00 00 00 00 00 00 00 00 00 00 00 00 00 00 
	F0   00 00 00 00 00 00 00 00 80 0F 04 00 00 00 00 00 


USB Controller (UHCI)
bus 0 (0x00), device 29 (0x1D), function 0 (0x00)
Common header
	Vendor ID		0x8086
	Model ID		0x2658
	Revision ID		0x03
	PI			0x00
	SubClass		0x03
	BaseClass		0x0C
	Cache Line		0x00
	Latency			0x00
	Header			0x80
PCI header
	Address 4 (port)	0x0000BF80
	Subvendor ID		0x1028
	Subsystem ID		0x0182
	Int. Line		0x09
	Int. Pin		0x01
Dump
	      0  1  2  3  4  5  6  7  8  9  A  B  C  D  E  F 
	00   86 80 58 26 05 00 80 02 03 00 03 0C 00 00 80 00 
	10   00 00 00 00 00 00 00 00 00 00 00 00 00 00 00 00 
	20   81 BF 00 00 00 00 00 00 00 00 00 00 28 10 82 01 
	30   00 00 00 00 00 00 00 00 00 00 00 00 09 01 00 00 
	40   00 00 00 00 00 00 00 00 00 00 00 00 00 00 00 00 
	50   00 00 00 00 00 00 00 00 00 00 00 00 00 00 00 00 
	60   10 00 00 00 00 00 00 00 00 00 00 00 00 00 00 00 
	70   00 00 00 00 00 00 00 00 00 00 00 00 00 00 00 00 
	80   00 00 00 00 00 00 00 00 00 00 00 00 00 00 00 00 
	90   00 00 00 00 00 00 00 00 00 00 00 00 00 00 00 00 
	A0   00 00 00 00 00 00 00 00 00 00 00 00 00 00 00 00 
	B0   00 00 00 00 00 00 00 00 00 00 00 00 00 00 00 00 
	C0   00 2F 00 00 03 00 00 00 00 00 01 00 00 00 00 00 
	D0   00 00 00 00 00 00 00 00 00 00 00 00 00 00 00 00 
	E0   00 00 00 00 00 00 00 00 00 00 00 00 00 00 00 00 
	F0   00 00 00 00 00 00 00 00 80 0F 04 00 00 00 00 00 


USB Controller (UHCI)
bus 0 (0x00), device 29 (0x1D), function 1 (0x01)
Common header
	Vendor ID		0x8086
	Model ID		0x2659
	Revision ID		0x03
	PI			0x00
	SubClass		0x03
	BaseClass		0x0C
	Cache Line		0x00
	Latency			0x00
	Header			0x00
PCI header
	Address 4 (port)	0x0000BF60
	Subvendor ID		0x1028
	Subsystem ID		0x0182
	Int. Line		0x05
	Int. Pin		0x02
Dump
	      0  1  2  3  4  5  6  7  8  9  A  B  C  D  E  F 
	00   86 80 59 26 05 00 80 02 03 00 03 0C 00 00 00 00 
	10   00 00 00 00 00 00 00 00 00 00 00 00 00 00 00 00 
	20   61 BF 00 00 00 00 00 00 00 00 00 00 28 10 82 01 
	30   00 00 00 00 00 00 00 00 00 00 00 00 05 02 00 00 
	40   00 00 00 00 00 00 00 00 00 00 00 00 00 00 00 00 
	50   00 00 00 00 00 00 00 00 00 00 00 00 00 00 00 00 
	60   10 00 00 00 00 00 00 00 00 00 00 00 00 00 00 00 
	70   00 00 00 00 00 00 00 00 00 00 00 00 00 00 00 00 
	80   00 00 00 00 00 00 00 00 00 00 00 00 00 00 00 00 
	90   00 00 00 00 00 00 00 00 00 00 00 00 00 00 00 00 
	A0   00 00 00 00 00 00 00 00 00 00 00 00 00 00 00 00 
	B0   00 00 00 00 00 00 00 00 00 00 00 00 00 00 00 00 
	C0   00 2F 00 00 03 00 00 00 00 00 01 00 00 00 00 00 
	D0   00 00 00 00 00 00 00 00 00 00 00 00 00 00 00 00 
	E0   00 00 00 00 00 00 00 00 00 00 00 00 00 00 00 00 
	F0   00 00 00 00 00 00 00 00 80 0F 04 00 00 00 00 00 


USB Controller (UHCI)
bus 0 (0x00), device 29 (0x1D), function 2 (0x02)
Common header
	Vendor ID		0x8086
	Model ID		0x265A
	Revision ID		0x03
	PI			0x00
	SubClass		0x03
	BaseClass		0x0C
	Cache Line		0x00
	Latency			0x00
	Header			0x00
PCI header
	Address 4 (port)	0x0000BF40
	Subvendor ID		0x1028
	Subsystem ID		0x0182
	Int. Line		0x09
	Int. Pin		0x03
Dump
	      0  1  2  3  4  5  6  7  8  9  A  B  C  D  E  F 
	00   86 80 5A 26 05 00 80 02 03 00 03 0C 00 00 00 00 
	10   00 00 00 00 00 00 00 00 00 00 00 00 00 00 00 00 
	20   41 BF 00 00 00 00 00 00 00 00 00 00 28 10 82 01 
	30   00 00 00 00 00 00 00 00 00 00 00 00 09 03 00 00 
	40   00 00 00 00 00 00 00 00 00 00 00 00 00 00 00 00 
	50   00 00 00 00 00 00 00 00 00 00 00 00 00 00 00 00 
	60   10 00 00 00 00 00 00 00 00 00 00 00 00 00 00 00 
	70   00 00 00 00 00 00 00 00 00 00 00 00 00 00 00 00 
	80   00 00 00 00 00 00 00 00 00 00 00 00 00 00 00 00 
	90   00 00 00 00 00 00 00 00 00 00 00 00 00 00 00 00 
	A0   00 00 00 00 00 00 00 00 00 00 00 00 00 00 00 00 
	B0   00 00 00 00 00 00 00 00 00 00 00 00 00 00 00 00 
	C0   00 2F 00 00 03 00 00 00 00 00 01 00 00 00 00 00 
	D0   00 00 00 00 00 00 00 00 00 00 00 00 00 00 00 00 
	E0   00 00 00 00 00 00 00 00 00 00 00 00 00 00 00 00 
	F0   00 00 00 00 00 00 00 00 80 0F 04 00 00 00 00 00 


USB Controller (UHCI)
bus 0 (0x00), device 29 (0x1D), function 3 (0x03)
Common header
	Vendor ID		0x8086
	Model ID		0x265B
	Revision ID		0x03
	PI			0x00
	SubClass		0x03
	BaseClass		0x0C
	Cache Line		0x00
	Latency			0x00
	Header			0x00
PCI header
	Address 4 (port)	0x0000BF20
	Subvendor ID		0x1028
	Subsystem ID		0x0182
	Int. Line		0x09
	Int. Pin		0x04
Dump
	      0  1  2  3  4  5  6  7  8  9  A  B  C  D  E  F 
	00   86 80 5B 26 05 00 80 02 03 00 03 0C 00 00 00 00 
	10   00 00 00 00 00 00 00 00 00 00 00 00 00 00 00 00 
	20   21 BF 00 00 00 00 00 00 00 00 00 00 28 10 82 01 
	30   00 00 00 00 00 00 00 00 00 00 00 00 09 04 00 00 
	40   00 00 00 00 00 00 00 00 00 00 00 00 00 00 00 00 
	50   00 00 00 00 00 00 00 00 00 00 00 00 00 00 00 00 
	60   10 00 00 00 00 00 00 00 00 00 00 00 00 00 00 00 
	70   00 00 00 00 00 00 00 00 00 00 00 00 00 00 00 00 
	80   00 00 00 00 00 00 00 00 00 00 00 00 00 00 00 00 
	90   00 00 00 00 00 00 00 00 00 00 00 00 00 00 00 00 
	A0   00 00 00 00 00 00 00 00 00 00 00 00 00 00 00 00 
	B0   00 00 00 00 00 00 00 00 00 00 00 00 00 00 00 00 
	C0   00 2F 00 00 00 00 00 00 00 00 01 00 00 00 00 00 
	D0   00 00 00 00 00 00 00 00 00 00 00 00 00 00 00 00 
	E0   00 00 00 00 00 00 00 00 00 00 00 00 00 00 00 00 
	F0   00 00 00 00 00 00 00 00 80 0F 04 00 00 00 00 00 


USB 2.0 Controller (EHCI)
bus 0 (0x00), device 29 (0x1D), function 7 (0x07)
Common header
	Vendor ID		0x8086
	Model ID		0x265C
	Revision ID		0x03
	PI			0x20
	SubClass		0x03
	BaseClass		0x0C
	Cache Line		0x00
	Latency			0x00
	Header			0x00
PCI header
	Address 0 (memory)	0xFFA80800
	Subvendor ID		0x1028
	Subsystem ID		0x0182
	Int. Line		0x09
	Int. Pin		0x01
Capabilities
	Power Management Capability
		Offset		50h
		Version		1.1
	Debug Port Capability
		Offset		58h
Dump
	      0  1  2  3  4  5  6  7  8  9  A  B  C  D  E  F 
	00   86 80 5C 26 06 01 90 02 03 20 03 0C 00 00 00 00 
	10   00 08 A8 FF 00 00 00 00 00 00 00 00 00 00 00 00 
	20   00 00 00 00 00 00 00 00 00 00 00 00 28 10 82 01 
	30   00 00 00 00 50 00 00 00 00 00 00 00 09 01 00 00 
	40   00 00 00 00 00 00 00 00 00 00 00 00 00 00 00 00 
	50   01 58 C2 C9 00 00 00 00 0A 00 A0 20 00 00 00 00 
	60   20 20 FF 01 00 00 00 00 01 00 00 00 00 00 00 C0 
	70   00 00 DF 3F 00 00 00 00 00 00 00 00 00 00 00 00 
	80   00 00 00 00 01 00 00 00 00 00 00 00 00 00 00 00 
	90   00 00 00 00 00 00 00 00 00 00 00 00 00 00 00 00 
	A0   00 00 00 00 00 00 00 00 00 00 00 00 00 00 00 00 
	B0   00 00 00 00 00 00 00 00 00 00 00 00 00 00 00 00 
	C0   00 00 00 00 00 00 00 00 00 00 00 00 00 00 00 00 
	D0   00 00 00 00 00 AA FF 00 55 55 FF 00 20 00 00 00 
	E0   00 00 00 00 00 00 00 00 00 00 00 00 00 00 00 00 
	F0   00 80 00 09 88 8C 40 00 80 0F 04 00 00 17 00 00 


PCI to PCI Bridge
bus 0 (0x00), device 30 (0x1E), function 0 (0x00)
Common header
	Vendor ID		0x8086
	Model ID		0x2448
	Revision ID		0xD3
	PI			0x01
	SubClass		0x04
	BaseClass		0x06
	Cache Line		0x00
	Latency			0x00
	Header			0x81
PCI header
	Primary bus		0x00
	Secondary bus		0x03
	Int. Line		0xFF
	Int. Pin		0x00
Capabilities
	Subsystem Vendor Capability
		Offset		50h
		Subsystem ID	0x0182
		Sub. Vendor ID	0x1028
Dump
	      0  1  2  3  4  5  6  7  8  9  A  B  C  D  E  F 
	00   86 80 48 24 07 01 10 00 D3 01 04 06 00 00 81 00 
	10   00 00 00 00 00 00 00 00 00 03 04 20 F0 00 80 22 
	20   B0 DF B0 DF F1 FF 01 00 00 00 00 00 00 00 00 00 
	30   00 00 00 00 50 00 00 00 00 00 00 00 FF 00 02 00 
	40   00 00 00 00 00 00 00 00 00 00 00 00 00 00 00 00 
	50   0D 00 00 00 28 10 82 01 00 00 00 00 00 00 00 00 
	60   00 00 00 00 00 00 00 00 00 00 00 00 00 00 00 00 
	70   00 00 00 00 00 00 00 00 00 00 00 00 00 00 00 00 
	80   00 00 00 00 00 00 00 00 00 00 00 00 00 00 00 00 
	90   00 00 00 00 00 00 00 00 00 00 00 00 00 00 00 00 
	A0   00 00 00 00 00 00 00 00 00 00 00 00 00 00 00 00 
	B0   00 00 00 00 00 00 00 00 00 00 00 00 00 00 00 00 
	C0   00 00 00 00 00 00 00 00 00 00 00 00 00 00 00 00 
	D0   00 00 00 00 00 00 00 00 00 00 00 00 00 00 00 00 
	E0   00 00 00 00 00 00 00 00 00 00 00 00 00 00 00 00 
	F0   00 00 00 00 00 00 00 00 80 0F 04 00 00 00 00 00 


Audio device
bus 0 (0x00), device 30 (0x1E), function 2 (0x02)
Common header
	Vendor ID		0x8086
	Model ID		0x266E
	Revision ID		0x03
	PI			0x00
	SubClass		0x01
	BaseClass		0x04
	Cache Line		0x00
	Latency			0x00
	Header			0x00
PCI header
	Address 0 (port)	0x0000ED00
	Address 1 (port)	0x0000EC40
	Address 2 (memory)	0xDFFFFE00
	Address 3 (memory)	0xDFFFFD00
	Subvendor ID		0x1028
	Subsystem ID		0x0182
	Int. Line		0x09
	Int. Pin		0x01
Capabilities
	Power Management Capability
		Offset		50h
		Version		1.1
Dump
	      0  1  2  3  4  5  6  7  8  9  A  B  C  D  E  F 
	00   86 80 6E 26 07 00 90 02 03 00 01 04 00 00 00 00 
	10   01 ED 00 00 41 EC 00 00 00 FE FF DF 00 FD FF DF 
	20   00 00 00 00 00 00 00 00 00 00 00 00 28 10 82 01 
	30   00 00 00 00 50 00 00 00 00 00 00 00 09 01 00 00 
	40   09 01 00 00 00 00 00 00 00 00 00 00 00 00 00 00 
	50   01 00 C2 C9 00 00 00 00 00 00 00 00 00 00 00 00 
	60   00 00 00 00 00 00 00 00 00 00 00 00 00 00 00 00 
	70   00 00 00 00 00 00 00 00 00 00 00 00 00 00 00 00 
	80   00 00 00 00 00 00 00 00 00 00 00 00 00 00 00 00 
	90   00 00 00 00 00 00 00 00 00 00 00 00 00 00 00 00 
	A0   00 00 00 00 00 00 00 00 00 00 00 00 00 00 00 00 
	B0   00 00 00 00 00 00 00 00 00 00 00 00 00 00 00 00 
	C0   00 00 00 00 00 00 00 00 00 00 00 00 00 00 00 00 
	D0   00 00 00 00 00 00 00 00 00 00 00 00 00 00 00 00 
	E0   00 00 00 00 00 00 00 00 00 00 00 00 00 00 00 00 
	F0   00 00 00 00 00 00 00 00 80 0F 04 00 00 00 00 00 


PCI to ISA Bridge
bus 0 (0x00), device 31 (0x1F), function 0 (0x00)
Common header
	Vendor ID		0x8086
	Model ID		0x2641
	Revision ID		0x03
	PI			0x00
	SubClass		0x01
	BaseClass		0x06
	Cache Line		0x00
	Latency			0x00
	Header			0x80
PCI header
	Subvendor ID		0x1028
	Subsystem ID		0x0182
	Int. Line		0x00
	Int. Pin		0x00
Dump
	      0  1  2  3  4  5  6  7  8  9  A  B  C  D  E  F 
	00   86 80 41 26 07 01 00 02 03 00 01 06 00 00 80 00 
	10   00 00 00 00 00 00 00 00 00 00 00 00 00 00 00 00 
	20   00 00 00 00 00 00 00 00 00 00 00 00 28 10 82 01 
	30   00 00 00 00 00 00 00 00 00 00 00 00 00 00 00 00 
	40   01 10 00 00 80 00 00 00 81 10 00 00 10 00 00 00 
	50   00 00 00 00 00 00 00 00 00 00 00 00 00 00 00 00 
	60   09 05 09 09 91 00 00 00 80 80 80 80 00 00 00 00 
	70   00 00 00 00 00 00 00 00 00 00 00 00 00 00 00 00 
	80   00 00 04 3C 01 09 00 00 00 00 00 00 00 00 00 00 
	90   00 00 00 00 00 00 00 00 00 00 00 00 00 00 00 00 
	A0   A0 06 00 00 00 00 00 00 00 1C 00 60 00 03 00 00 
	B0   00 00 00 00 00 00 00 00 00 00 01 08 00 00 00 00 
	C0   00 00 00 00 00 00 00 00 00 00 00 00 00 00 00 00 
	D0   00 00 00 00 00 00 00 00 C0 C0 00 00 00 00 00 00 
	E0   00 00 00 00 00 00 00 00 00 00 00 00 00 00 00 00 
	F0   01 80 00 F0 00 00 00 00 80 0F 04 00 00 00 00 00 


IDE Controller
bus 0 (0x00), device 31 (0x1F), function 2 (0x02)
Common header
	Vendor ID		0x8086
	Model ID		0x2653
	Revision ID		0x03
	PI			0x80
	SubClass		0x01
	BaseClass		0x01
	Cache Line		0x00
	Latency			0x00
	Header			0x00
PCI header
	Address 0 (port)	0x000001F0
	Address 1 (port)	0x000003F4
	Address 2 (port)	0x00000170
	Address 3 (port)	0x00000374
	Address 4 (port)	0x0000BFA0
	Subvendor ID		0x1028
	Subsystem ID		0x0182
	Int. Line		0x0A
	Int. Pin		0x02
Capabilities
	Power Management Capability
		Offset		70h
		Version		1.1
Dump
	      0  1  2  3  4  5  6  7  8  9  A  B  C  D  E  F 
	00   86 80 53 26 05 00 B0 02 03 80 01 01 00 00 00 00 
	10   F1 01 00 00 F5 03 00 00 71 01 00 00 75 03 00 00 
	20   A1 BF 00 00 00 00 00 00 00 00 00 00 28 10 82 01 
	30   00 00 00 00 70 00 00 00 00 00 00 00 0A 02 00 00 
	40   07 E3 03 E3 00 00 00 00 05 00 01 02 00 00 00 00 
	50   00 00 00 00 F0 10 00 00 00 00 00 00 00 00 00 00 
	60   00 00 00 00 00 00 00 00 00 00 00 00 00 00 00 00 
	70   01 00 02 40 00 00 00 00 00 00 00 00 00 00 00 00 
	80   05 70 00 00 00 00 00 00 00 00 00 00 00 00 00 00 
	90   02 00 11 00 82 01 C0 0A 00 00 00 00 00 00 00 00 
	A0   00 00 00 00 00 00 00 00 00 00 00 00 00 00 00 00 
	B0   00 00 00 00 00 00 00 00 00 00 00 00 00 00 00 00 
	C0   00 00 00 00 0D 00 00 00 00 00 00 00 00 00 00 00 
	D0   00 00 00 00 00 00 00 00 00 00 00 00 00 00 00 00 
	E0   00 00 00 00 00 00 00 00 00 00 00 00 00 00 00 00 
	F0   00 00 00 00 00 00 00 00 80 0F 04 00 00 00 00 00 


VGA Controller
bus 1 (0x01), device 0 (0x00), function 0 (0x00)
Common header
	Vendor ID		0x1002
	Model ID		0x5460
	Revision ID		0x00
	PI			0x00
	SubClass		0x00
	BaseClass		0x03
	Cache Line		0x10
	Latency			0x00
	Header			0x00
PCI header
	Address 0 (memory)	0xD0000000
	Address 1 (port)	0x0000DE00
	Address 2 (memory)	0xDFDF0000
	Subvendor ID		0x1028
	Subsystem ID		0x2006
	Int. Line		0x09
	Int. Pin		0x01
Capabilities
	Power Management Capability
		Offset		50h
		Version		1.1
	PCI Express Capability
		Offset		58h
		Device type	PCI-E Endpoint Device
		Port		0
		Version		1.0
		Link width	16x (max 16x)
	Message Signalled Interrupts Capability
		Offset		80h
Extended capabilities
	Advanced Error Reporting Capability
		Offset		100h
Dump
	      0  1  2  3  4  5  6  7  8  9  A  B  C  D  E  F 
	00   02 10 60 54 07 00 10 00 00 00 00 03 10 00 00 00 
	10   08 00 00 D0 01 DE 00 00 00 00 DF DF 00 00 00 00 
	20   00 00 00 00 00 00 00 00 00 00 00 00 28 10 06 20 
	30   00 00 00 00 50 00 00 00 00 00 00 00 09 01 00 00 
	40   00 00 00 00 00 00 00 00 00 00 00 00 28 10 06 20 
	50   01 58 02 06 00 00 00 00 10 80 01 00 A0 04 2C 01 
	60   10 09 00 00 01 AD 00 00 42 00 01 11 00 00 00 00 
	70   00 00 00 00 00 00 00 00 00 00 00 00 00 00 00 00 
	80   05 00 80 00 00 00 00 00 00 00 00 00 00 00 00 00 
	90   00 00 00 00 00 00 00 00 00 00 00 00 00 00 00 00 
	A0   00 00 00 00 00 00 00 00 00 00 00 00 00 00 00 00 
	B0   00 00 00 00 00 00 00 00 00 00 00 00 00 00 00 00 
	C0   00 00 00 00 00 00 00 00 00 00 00 00 00 00 00 00 
	D0   00 00 00 00 00 00 00 00 00 00 00 00 00 00 00 00 
	E0   00 00 00 00 00 00 00 00 00 00 00 00 00 00 00 00 
	F0   00 00 00 00 00 00 00 00 00 00 00 00 00 00 00 00 


Ethernet Controller
bus 2 (0x02), device 0 (0x00), function 0 (0x00)
Common header
	Vendor ID		0x14E4
	Model ID		0x1677
	Revision ID		0x01
	PI			0x00
	SubClass		0x00
	BaseClass		0x02
	Cache Line		0x10
	Latency			0x00
	Header			0x00
PCI header
	Address 0 (memory)	0xDFCF0000
	Subvendor ID		0x1028
	Subsystem ID		0x0182
	Int. Line		0x09
	Int. Pin		0x01
Capabilities
	Power Management Capability
		Offset		48h
		Version		1.1
	Virtual Product Data Capability
		Offset		50h
	Message Signalled Interrupts Capability
		Offset		58h
	PCI Express Capability
		Offset		D0h
		Device type	PCI-E Endpoint Device
		Port		0
		Version		1.0
		Link width	1x (max 1x)
Extended capabilities
	Advanced Error Reporting Capability
		Offset		100h
	Virtual Channel
		Offset		13Ch
Dump
	      0  1  2  3  4  5  6  7  8  9  A  B  C  D  E  F 
	00   E4 14 77 16 06 01 10 00 01 00 00 02 10 00 00 00 
	10   04 00 CF DF 00 00 00 00 00 00 00 00 00 00 00 00 
	20   00 00 00 00 00 00 00 00 07 00 00 00 28 10 82 01 
	30   00 00 FF E3 48 00 00 00 00 00 00 00 09 01 00 00 
	40   00 00 00 00 00 00 00 00 01 50 02 C0 00 20 00 64 
	50   03 58 74 00 FE EF 5B F4 05 D0 86 00 DC FF 6B BF 
	60   2F FE EF F6 FF FF 00 00 98 02 01 40 00 00 1B 76 
	70   F2 10 00 00 DF 00 00 00 2C 00 00 00 08 02 00 00 
	80   28 10 82 01 00 00 00 00 00 00 00 00 00 00 00 00 
	90   00 00 00 00 26 00 00 00 00 00 00 00 6B 01 00 00 
	A0   00 00 00 00 A9 00 00 00 00 00 00 00 26 00 00 00 
	B0   00 00 00 00 00 00 00 44 00 00 00 00 00 00 00 00 
	C0   00 00 00 00 00 80 00 00 0E 00 00 00 00 00 00 00 
	D0   10 00 01 00 A0 0F 04 05 00 50 10 00 11 54 03 00 
	E0   40 00 11 10 00 00 00 00 00 00 00 00 00 00 00 00 
	F0   00 00 00 00 00 00 00 00 00 00 00 00 00 00 00 00 


PCI to CardBus Bridge
bus 3 (0x03), device 1 (0x01), function 0 (0x00)
Common header
	Vendor ID		0x104C
	Model ID		0x8036
	Revision ID		0x00
	PI			0x00
	SubClass		0x07
	BaseClass		0x06
	Cache Line		0x10
	Latency			0x40
	Header			0x82
PCI header
Capabilities
	Power Management Capability
		Offset		A0h
		Version		1.1
Dump
	      0  1  2  3  4  5  6  7  8  9  A  B  C  D  E  F 
	00   4C 10 36 80 07 00 10 02 00 00 07 06 10 40 82 00 
	10   00 F0 AF FF A0 00 00 02 03 04 04 20 00 E0 AF FF 
	20   00 E0 AF FF 00 00 C0 FA 00 F0 BF FE 00 FE 00 00 
	30   FC FE 00 00 00 FD 00 00 FC FD 00 00 09 01 C0 04 
	40   28 10 82 01 01 00 00 00 00 00 00 00 00 00 00 00 
	50   00 00 00 00 00 00 00 00 00 00 00 00 00 00 00 00 
	60   00 00 00 00 00 00 00 00 00 00 00 00 00 00 00 00 
	70   00 00 00 00 00 00 00 00 00 00 00 00 00 00 00 00 
	80   61 D0 40 08 19 00 7F 04 00 00 03 00 22 11 11 01 
	90   C0 A2 64 60 00 00 00 00 00 00 00 00 00 00 00 00 
	A0   01 00 12 FE 00 00 C0 00 00 00 00 00 00 00 00 00 
	B0   00 00 00 00 00 00 00 00 00 00 00 00 00 00 00 00 
	C0   00 00 00 00 00 00 00 00 00 00 00 00 00 00 00 00 
	D0   00 00 00 00 00 00 00 00 00 00 00 00 00 00 00 00 
	E0   00 00 00 00 00 00 00 00 00 00 00 00 00 00 00 00 
	F0   00 00 00 00 00 00 00 00 00 00 00 00 00 00 00 00 


Communication Device
bus 3 (0x03), device 1 (0x01), function 5 (0x05)
Common header
	Vendor ID		0x104C
	Model ID		0x8038
	Revision ID		0x00
	PI			0x00
	SubClass		0x80
	BaseClass		0x07
	Cache Line		0x00
	Latency			0x00
	Header			0x80
PCI header
	Address 0 (memory)	0xDFBFC000
	Address 1 (memory)	0xDFBFD000
	Subvendor ID		0x1028
	Subsystem ID		0x0182
	Int. Line		0x09
	Int. Pin		0x01
Capabilities
	Power Management Capability
		Offset		44h
		Version		1.1
Dump
	      0  1  2  3  4  5  6  7  8  9  A  B  C  D  E  F 
	00   4C 10 38 80 02 01 10 02 00 00 80 07 00 00 80 00 
	10   00 C0 BF DF 00 D0 BF DF 00 00 00 00 00 00 00 00 
	20   00 00 00 00 00 00 00 00 00 00 00 00 28 10 82 01 
	30   00 00 00 00 44 00 00 00 00 00 00 00 09 01 00 00 
	40   00 00 00 00 01 00 02 7E 00 00 00 00 00 00 00 00 
	50   28 10 82 01 00 00 80 07 01 00 11 00 00 00 00 00 
	60   00 00 00 00 00 00 00 00 00 00 00 00 00 00 00 00 
	70   00 00 00 00 00 00 00 00 00 00 00 00 00 00 00 00 
	80   00 00 00 00 00 00 00 00 00 00 00 00 00 00 00 00 
	90   00 00 00 00 00 00 00 00 00 00 00 00 00 00 00 00 
	A0   00 00 00 00 00 00 00 00 00 00 00 00 00 00 00 00 
	B0   00 00 00 00 00 00 00 00 00 00 00 00 00 00 00 00 
	C0   00 00 00 00 00 00 00 00 00 00 00 00 00 00 00 00 
	D0   00 00 00 00 00 00 00 00 00 00 00 00 00 00 00 00 
	E0   00 00 00 00 00 00 00 00 00 00 00 00 00 00 00 00 
	F0   00 00 00 00 00 00 00 00 00 00 00 00 00 00 00 00 


Network Controller
bus 3 (0x03), device 3 (0x03), function 0 (0x00)
Common header
	Vendor ID		0x14E4
	Model ID		0x4320
	Revision ID		0x03
	PI			0x00
	SubClass		0x80
	BaseClass		0x02
	Cache Line		0x00
	Latency			0x40
	Header			0x00
PCI header
	Address 0 (memory)	0xDFBFE000
	Subvendor ID		0x1028
	Subsystem ID		0x0003
	Int. Line		0x05
	Int. Pin		0x01
Dump
	      0  1  2  3  4  5  6  7  8  9  A  B  C  D  E  F 
	00   E4 14 20 43 06 01 00 00 03 00 80 02 00 40 00 00 
	10   00 E0 BF DF 00 00 00 00 00 00 00 00 00 00 00 00 
	20   00 00 00 00 00 00 00 00 00 00 00 00 28 10 03 00 
	30   00 00 00 00 00 00 00 00 00 00 00 00 05 01 00 00 
	40   01 00 C2 07 00 40 00 00 00 00 00 00 00 00 00 00 
	50   00 00 00 00 00 00 00 00 00 00 00 00 00 00 00 00 
	60   00 00 00 00 00 00 00 00 00 00 00 00 00 00 00 00 
	70   00 00 00 00 00 00 00 00 00 00 00 00 00 00 00 00 
	80   00 10 00 18 00 00 00 00 00 00 00 00 00 00 00 00 
	90   00 00 00 00 00 02 00 00 00 00 00 00 00 00 00 00 
	A0   00 00 00 00 00 00 00 00 00 00 00 00 00 00 00 00 
	B0   FE 00 00 00 40 00 00 00 C0 00 00 00 00 00 00 00 
	C0   00 00 00 00 00 00 00 00 00 00 00 00 00 00 00 00 
	D0   00 00 00 00 00 00 00 00 00 00 00 00 00 00 00 00 
	E0   00 00 00 00 00 00 00 00 00 00 00 00 00 00 00 00 
	F0   00 00 00 00 00 00 00 00 00 00 00 00 00 00 00 00 


SMBus Controller
bus 0 (0x00), device 31 (0x1F), function 3 (0x03)
Common header
	Vendor ID		0x8086
	Model ID		0x266A
	Revision ID		0x03
	PI			0x00
	SubClass		0x05
	BaseClass		0x0C
	Cache Line		0x00
	Latency			0x00
	Header			0x00
PCI header
	Address 4 (port)	0x000010C0
	Subvendor ID		0x1028
	Subsystem ID		0x0182
	Int. Line		0x0A
	Int. Pin		0x02
Dump
	      0  1  2  3  4  5  6  7  8  9  A  B  C  D  E  F 
	00   86 80 6A 26 01 01 80 02 03 00 05 0C 00 00 00 00 
	10   00 00 00 00 00 00 00 00 00 00 00 00 00 00 00 00 
	20   C1 10 00 00 00 00 00 00 00 00 00 00 28 10 82 01 
	30   00 00 00 00 00 00 00 00 00 00 00 00 0A 02 00 00 
	40   03 00 00 00 00 00 00 00 00 00 00 00 00 00 00 00 
	50   00 00 00 00 00 00 00 00 00 00 00 00 00 00 00 00 
	60   00 00 00 00 00 00 00 00 00 00 00 00 00 00 00 00 
	70   00 00 00 00 00 00 00 00 00 00 00 00 00 00 00 00 
	80   00 00 00 00 00 00 00 00 00 00 00 00 00 00 00 00 
	90   00 00 00 00 00 00 00 00 00 00 00 00 00 00 00 00 
	A0   00 00 00 00 00 00 00 00 00 00 00 00 00 00 00 00 
	B0   00 00 00 00 00 00 00 00 00 00 00 00 00 00 00 00 
	C0   00 00 00 00 00 00 00 00 00 00 00 00 00 00 00 00 
	D0   00 00 00 00 00 00 00 00 00 00 00 00 00 00 00 00 
	E0   00 00 00 00 00 00 00 00 00 00 00 00 00 00 00 00 
	F0   00 00 00 00 00 00 00 00 80 0F 04 00 00 00 00 00 


DMI
------------------------------------------------------------------------------

DMI BIOS
--------
	vendor		Dell Inc.
	version		A06
	date		10/02/2005


DMI System Information
----------------------
	manufacturer	Dell Inc.
	product		Latitude D610
	version		unknown
	serial		525HZ61
	UUID		44454C4C-32001035-8048B5C0-4F5A3631


DMI Baseboard
-------------
	vendor		Dell Inc.
	model		0C4708
	revision	unknown
	serial		.525HZ61.CN4864351V1872.


DMI System Enclosure
--------------------
	manufacturer	Dell Inc.
	chassis type	Portable
	chassis serial	525HZ61


DMI System Enclosure
--------------------
	manufacturer	Dell Inc.
	chassis type	Docking Station
	chassis serial	00C0009344A6


DMI Processor
-------------
	manufacturer	Intel
	model		unknown
	clock speed	1600.0MHz
	FSB speed	133.0MHz
	multiplier	12.0x


DMI Port Connector
------------------
	designation	PARALLEL (internal)
	port type	Parallel Port PS/2
	connector	DB-25 female


DMI Port Connector
------------------
	designation	SERIAL1 (internal)
	port type	Serial Port 16550A
	connector	DB-9 male


DMI Port Connector
------------------
	designation	PS/2 (internal)
	port type	Mouse Port
	connector	Mini DIN


DMI Port Connector
------------------
	designation	USB (internal)
	port type	USB
	connector	Access Bus (USB)


DMI Port Connector
------------------
	designation	USB (internal)
	port type	USB
	connector	Access Bus (USB)


DMI Port Connector
------------------
	designation	MONITOR (internal)
	port type	Video Port
	connector	DB-15 female


DMI Port Connector
------------------
	designation	IrDA (internal)
	connector	Infrared


DMI Port Connector
------------------
	designation	S-Video (internal)
	port type	Video Port
	connector	Mini DIN


DMI Port Connector
------------------
	designation	Modem (internal)
	port type	Modem Port
	connector	RJ-11


DMI Port Connector
------------------
	designation	Ethernet (internal)
	port type	Network Port
	connector	RJ-45


DMI Extension Slot
------------------
	designation	PCMCIA 0
	type		PCMCIA
	width		32 bits
	populated	no


DMI Extension Slot
------------------
	designation	MiniPCI
	type		1
	width		32 bits
	populated	no


DMI Physical Memory Array
-------------------------
	location	Motherboard
	usage		System Memory
	correction	None
	max capacity	4096MBytes
	max# of devices	2


DMI Memory Device
-----------------
	designation	DIMM_A
	format		DIMM
	type		DDR
	total width	64bits
	data width	64bits
	size		256MBytes


DMI Memory Device
-----------------
	designation	DIMM_B
	format		DIMM
	type		DDR
	total width	64bits
	data width	64bits
	size		256MBytes


Software
------------------------------------------------------------------------------

Windows Version		Microsoft Windows XP Professional  Service Pack 2 (Build 2600) 
DirectX Version		9.0c


Resources
------------------------------------------------------------------------------

Port I/O Space, BA=0xCF8, size=0x8
Port I/O Space, BA=0xBF80
Port I/O Space, BA=0xBF60
Port I/O Space, BA=0xBF40
Port I/O Space, BA=0xBF20
Memory I/O Space, BA=0xFFA80800
Port I/O Space, BA=0xED00
Port I/O Space, BA=0xEC40
Memory I/O Space, BA=0xDFFFFE00
Memory I/O Space, BA=0xDFFFFD00
Port I/O Space, BA=0x1F0
Port I/O Space, BA=0x3F4
Port I/O Space, BA=0x170
Port I/O Space, BA=0x374
Port I/O Space, BA=0xBFA0
Memory I/O Space, BA=0xD0000000
Port I/O Space, BA=0xDE00
Memory I/O Space, BA=0xDFDF0000
Memory I/O Space, BA=0xDFCF0000
Memory I/O Space, BA=0xFFAFF000
Memory I/O Space, BA=0xDFBFC000
Memory I/O Space, BA=0xDFBFD000
Memory I/O Space, BA=0xDFBFE000
Memory I/O Space, BA=0xE0000000, size=0x1000
Port I/O Space, BA=0x1008, size=0x4
Port I/O Space, BA=0x10C0
