7
67
7
68
7
69
7
70
7
305
7
306
7
307
7
308
7
309
8
4
8
5
8
6
8
7
8
8
8
9
8
10
8
62
8
63
8
64
8
65
8
66
8
67
8
68
8
69
8
70
8
71
8
72
8
73
8
74
8
75
8
119
8
120
8
121
8
122
8
123
8
124
8
125
8
154
8
155
8
156
8
157
8
158
8
159
8
160
8
161
8
162
8
163
8
164
8
165
8
166
8
167
8
168
8
169
8
170
8
171
8
172
8
173
8
174
8
175
8
209
8
210
8
211
8
212
8
213
8
214
8
215
8
229
8
230
8
231
8
232
8
233
8
234
8
235
8
264
8
265
8
266
8
267
8
268
8
269
8
270
8
299
8
300
8
301
8
302
8
303
8
304
8
305
8
306
8
307
8
308
8
309
8
310
8
311
8
312
8
313
8
314
9
4
9
5
9
6
9
7
9
8
9
9
9
10
9
59
9
60
9
61
9
62
9
63
9
64
9
65
9
66
9
67
9
68
9
69
9
70
9
71
9
72
9
73
9
74
9
75
9
76
9
77
9
78
9
118
9
119
9
120
9
121
9
122
9
123
9
124
9
125
9
126
9
154
9
155
9
156
9
157
9
158
9
159
9
160
9
161
9
162
9
163
9
164
9
165
9
166
9
167
9
168
9
169
9
170
9
171
9
172
9
173
9
174
9
175
9
176
9
177
9
178
9
179
9
180
9
181
9
182
9
209
9
210
9
211
9
212
9
213
9
214
9
215
9
229
9
230
9
231
9
232
9
233
9
234
9
235
9
236
9
264
9
265
9
266
9
267
9
268
9
269
9
270
9
296
9
297
9
298
9
299
9
300
9
301
9
302
9
303
9
304
9
305
9
306
9
307
9
308
9
309
9
310
9
311
9
312
9
313
9
314
9
315
9
316
9
317
10
4
10
5
10
6
10
7
10
8
10
9
10
10
10
57
10
58
10
59
10
60
10
61
10
62
10
63
10
64
10
65
10
66
10
67
10
68
10
69
10
70
10
71
10
72
10
73
10
74
10
75
10
76
10
77
10
78
10
79
10
80
10
118
10
119
10
120
10
121
10
122
10
123
10
124
10
125
10
126
10
154
10
155
10
156
10
157
10
158
10
159
10
160
10
161
10
162
10
163
10
164
10
165
10
166
10
167
10
168
10
169
10
170
10
171
10
172
10
173
10
174
10
175
10
176
10
177
10
178
10
179
10
180
10
181
10
182
10
183
10
184
10
209
10
210
10
211
10
212
10
213
10
214
10
215
10
229
10
230
10
231
10
232
10
233
10
234
10
235
10
236
10
264
10
265
10
266
10
267
10
268
10
269
10
270
10
294
10
295
10
296
10
297
10
298
10
299
10
300
10
301
10
302
10
303
10
304
10
305
10
306
10
307
10
308
10
309
10
310
10
311
10
312
10
313
10
314
10
315
10
316
10
317
10
318
10
319
11
4
11
5
11
6
11
7
11
8
11
9
11
10
11
55
11
56
11
57
11
58
11
59
11
60
11
61
11
62
11
63
11
64
11
65
11
66
11
67
11
68
11
69
11
70
11
71
11
72
11
73
11
74
11
75
11
76
11
77
11
78
11
79
11
80
11
81
11
82
11
118
11
119
11
120
11
121
11
122
11
123
11
124
11
125
11
126
11
154
11
155
11
156
11
157
11
158
11
159
11
160
11
161
11
162
11
163
11
164
11
165
11
166
11
167
11
168
11
169
11
170
11
171
11
172
11
173
11
174
11
175
11
176
11
177
11
178
11
179
11
180
11
181
11
182
11
183
11
184
11
185
11
186
11
209
11
210
11
211
11
212
11
213
11
214
11
215
11
229
11
230
11
231
11
232
11
233
11
234
11
235
11
236
11
237
11
264
11
265
11
266
11
267
11
268
11
269
11
270
11
293
11
294
11
295
11
296
11
297
11
298
11
299
11
300
11
301
11
302
11
303
11
304
11
305
11
306
11
307
11
308
11
309
11
310
11
311
11
312
11
313
11
314
11
315
11
316
11
317
11
318
11
319
11
320
11
321
12
4
12
5
12
6
12
7
12
8
12
9
12
10
12
54
12
55
12
56
12
57
12
58
12
59
12
60
12
61
12
62
12
63
12
64
12
65
12
66
12
67
12
68
12
69
12
70
12
71
12
72
12
73
12
74
12
75
12
76
12
77
12
78
12
79
12
80
12
81
12
82
12
83
12
117
12
118
12
119
12
120
12
121
12
122
12
123
12
124
12
125
12
126
12
127
12
154
12
155
12
156
12
157
12
158
12
159
12
160
12
161
12
162
12
163
12
164
12
165
12
166
12
167
12
168
12
169
12
170
12
171
12
172
12
173
12
174
12
175
12
176
12
177
12
178
12
179
12
180
12
181
12
182
12
183
12
184
12
185
12
186
12
187
12
188
12
209
12
210
12
211
12
212
12
213
12
214
12
215
12
229
12
230
12
231
12
232
12
233
12
234
12
235
12
236
12
237
12
238
12
264
12
265
12
266
12
267
12
268
12
269
12
270
12
291
12
292
12
293
12
294
12
295
12
296
12
297
12
298
12
299
12
300
12
301
12
302
12
303
12
304
12
305
12
306
12
307
12
308
12
309
12
310
12
311
12
312
12
313
12
314
12
315
12
316
12
317
12
318
12
319
12
320
12
321
12
322
13
4
13
5
13
6
13
7
13
8
13
9
13
10
13
53
13
54
13
55
13
56
13
57
13
58
13
59
13
60
13
61
13
62
13
75
13
76
13
77
13
78
13
79
13
80
13
81
13
82
13
83
13
84
13
117
13
118
13
119
13
120
13
121
13
122
13
123
13
124
13
125
13
126
13
127
13
154
13
155
13
156
13
157
13
158
13
159
13
160
13
161
13
162
13
163
13
164
13
165
13
166
13
167
13
168
13
169
13
170
13
171
13
172
13
173
13
174
13
175
13
176
13
177
13
178
13
179
13
180
13
181
13
182
13
183
13
184
13
185
13
186
13
187
13
188
13
189
13
209
13
210
13
211
13
212
13
213
13
214
13
215
13
229
13
230
13
231
13
232
13
233
13
234
13
235
13
236
13
237
13
238
13
264
13
265
13
266
13
267
13
268
13
269
13
270
13
290
13
291
13
292
13
293
13
294
13
295
13
296
13
297
13
298
13
299
13
314
13
315
13
316
13
317
13
318
13
319
13
320
13
321
13
322
13
323
14
4
14
5
14
6
14
7
14
8
14
9
14
10
14
52
14
53
14
54
14
55
14
56
14
57
14
58
14
59
14
60
14
77
14
78
14
79
14
80
14
81
14
82
14
83
14
84
14
85
14
116
14
117
14
118
14
119
14
120
14
121
14
123
14
124
14
125
14
126
14
127
14
128
14
154
14
155
14
156
14
157
14
158
14
159
14
160
14
181
14
182
14
183
14
184
14
185
14
186
14
187
14
188
14
189
14
190
14
209
14
210
14
211
14
212
14
213
14
214
14
215
14
229
14
230
14
231
14
232
14
233
14
234
14
235
14
236
14
237
14
238
14
239
14
264
14
265
14
266
14
267
14
268
14
269
14
270
14
289
14
290
14
291
14
292
14
293
14
294
14
295
14
296
14
297
14
316
14
317
14
318
14
319
14
320
14
321
14
322
14
323
14
324
15
4
15
5
15
6
15
7
15
8
15
9
15
10
15
51
15
52
15
53
15
54
15
55
15
56
15
57
15
58
15
79
15
80
15
81
15
82
15
83
15
84
15
85
15
86
15
116
15
117
15
118
15
119
15
120
15
124
15
125
15
126
15
127
15
128
15
154
15
155
15
156
15
157
15
158
15
159
15
160
15
183
15
184
15
185
15
186
15
187
15
188
15
189
15
190
15
191
15
209
15
210
15
211
15
212
15
213
15
214
15
215
15
229
15
230
15
231
15
232
15
233
15
234
15
235
15
236
15
237
15
238
15
239
15
240
15
264
15
265
15
266
15
267
15
268
15
269
15
270
15
288
15
289
15
290
15
291
15
292
15
293
15
294
15
295
15
318
15
319
15
320
15
321
15
322
15
323
15
324
15
325
16
4
16
5
16
6
16
7
16
8
16
9
16
10
16
50
16
51
16
52
16
53
16
54
16
55
16
56
16
57
16
80
16
81
16
82
16
83
16
84
16
85
16
86
16
87
16
116
16
117
16
118
16
119
16
120
16
124
16
125
16
126
16
127
16
128
16
154
16
155
16
156
16
157
16
158
16
159
16
160
16
185
16
186
16
187
16
188
16
189
16
190
16
191
16
209
16
210
16
211
16
212
16
213
16
214
16
215
16
229
16
230
16
231
16
232
16
233
16
234
16
235
16
236
16
237
16
238
16
239
16
240
16
264
16
265
16
266
16
267
16
268
16
269
16
270
16
287
16
288
16
289
16
290
16
291
16
292
16
293
16
294
16
319
16
320
16
321
16
322
16
323
16
324
16
325
17
4
17
5
17
6
17
7
17
8
17
9
17
10
17
49
17
50
17
51
17
52
17
53
17
54
17
55
17
81
17
82
17
83
17
84
17
85
17
86
17
87
17
88
17
115
17
116
17
117
17
118
17
119
17
120
17
124
17
125
17
126
17
127
17
128
17
129
17
154
17
155
17
156
17
157
17
158
17
159
17
160
17
186
17
187
17
188
17
189
17
190
17
191
17
192
17
209
17
210
17
211
17
212
17
213
17
214
17
215
17
229
17
230
17
231
17
232
17
233
17
234
17
235
17
236
17
237
17
238
17
239
17
240
17
241
17
264
17
265
17
266
17
267
17
268
17
269
17
270
17
287
17
288
17
289
17
290
17
291
17
292
17
293
17
320
17
321
17
322
17
323
17
324
17
325
17
326
18
4
18
5
18
6
18
7
18
8
18
9
18
10
18
49
18
50
18
51
18
52
18
53
18
54
18
82
18
83
18
84
18
85
18
86
18
87
18
88
18
115
18
116
18
117
18
118
18
119
18
125
18
126
18
127
18
128
18
129
18
154
18
155
18
156
18
157
18
158
18
159
18
160
18
187
18
188
18
189
18
190
18
191
18
192
18
193
18
209
18
210
18
211
18
212
18
213
18
214
18
215
18
229
18
230
18
231
18
232
18
233
18
234
18
235
18
236
18
237
18
238
18
239
18
240
18
241
18
242
18
264
18
265
18
266
18
267
18
268
18
269
18
270
18
286
18
287
18
288
18
289
18
290
18
291
18
292
18
321
18
322
18
323
18
324
18
325
18
326
19
4
19
5
19
6
19
7
19
8
19
9
19
10
19
48
19
49
19
50
19
51
19
52
19
53
19
54
19
83
19
84
19
85
19
86
19
87
19
88
19
89
19
114
19
115
19
116
19
117
19
118
19
119
19
125
19
126
19
127
19
128
19
129
19
130
19
154
19
155
19
156
19
157
19
158
19
159
19
160
19
188
19
189
19
190
19
191
19
192
19
193
19
209
19
210
19
211
19
212
19
213
19
214
19
215
19
229
19
230
19
231
19
232
19
233
19
234
19
235
19
236
19
237
19
238
19
239
19
240
19
241
19
242
19
264
19
265
19
266
19
267
19
268
19
269
19
270
19
285
19
286
19
287
19
288
19
289
19
290
19
291
19
321
19
322
19
323
19
324
19
325
19
326
19
327
20
4
20
5
20
6
20
7
20
8
20
9
20
10
20
48
20
49
20
50
20
51
20
52
20
53
20
84
20
85
20
86
20
87
20
88
20
89
20
114
20
115
20
116
20
117
20
118
20
119
20
125
20
126
20
127
20
128
20
129
20
130
20
154
20
155
20
156
20
157
20
158
20
159
20
160
20
188
20
189
20
190
20
191
20
192
20
193
20
194
20
209
20
210
20
211
20
212
20
213
20
214
20
215
20
229
20
230
20
231
20
232
20
233
20
234
20
235
20
237
20
238
20
239
20
240
20
241
20
242
20
243
20
264
20
265
20
266
20
267
20
268
20
269
20
270
20
285
20
286
20
287
20
288
20
289
20
290
20
322
20
323
20
324
20
325
20
326
20
327
21
4
21
5
21
6
21
7
21
8
21
9
21
10
21
47
21
48
21
49
21
50
21
51
21
52
21
84
21
85
21
86
21
87
21
88
21
89
21
90
21
114
21
115
21
116
21
117
21
118
21
126
21
127
21
128
21
129
21
130
21
154
21
155
21
156
21
157
21
158
21
159
21
160
21
189
21
190
21
191
21
192
21
193
21
194
21
209
21
210
21
211
21
212
21
213
21
214
21
215
21
229
21
230
21
231
21
232
21
233
21
234
21
235
21
238
21
239
21
240
21
241
21
242
21
243
21
244
21
264
21
265
21
266
21
267
21
268
21
269
21
270
21
284
21
285
21
286
21
287
21
288
21
289
21
290
21
322
21
323
21
324
21
325
21
326
21
327
22
4
22
5
22
6
22
7
22
8
22
9
22
10
22
47
22
48
22
49
22
50
22
51
22
52
22
85
22
86
22
87
22
88
22
89
22
90
22
113
22
114
22
115
22
116
22
117
22
118
22
126
22
127
22
128
22
129
22
130
22
131
22
154
22
155
22
156
22
157
22
158
22
159
22
160
22
189
22
190
22
191
22
192
22
193
22
194
22
195
22
209
22
210
22
211
22
212
22
213
22
214
22
215
22
229
22
230
22
231
22
232
22
233
22
234
22
235
22
238
22
239
22
240
22
241
22
242
22
243
22
244
22
264
22
265
22
266
22
267
22
268
22
269
22
270
22
284
22
285
22
286
22
287
22
288
22
289
22
323
22
324
22
325
22
326
22
327
22
328
23
4
23
5
23
6
23
7
23
8
23
9
23
10
23
46
23
47
23
48
23
49
23
50
23
51
23
85
23
86
23
87
23
88
23
89
23
90
23
91
23
113
23
114
23
115
23
116
23
117
23
118
23
126
23
127
23
128
23
129
23
130
23
131
23
154
23
155
23
156
23
157
23
158
23
159
23
160
23
190
23
191
23
192
23
193
23
194
23
195
23
209
23
210
23
211
23
212
23
213
23
214
23
215
23
229
23
230
23
231
23
232
23
233
23
234
23
235
23
239
23
240
23
241
23
242
23
243
23
244
23
245
23
264
23
265
23
266
23
267
23
268
23
269
23
270
23
284
23
285
23
286
23
287
23
288
23
289
23
323
23
324
24
4
24
5
24
6
24
7
24
8
24
9
24
10
24
46
24
47
24
48
24
49
24
50
24
51
24
86
24
87
24
88
24
89
24
90
24
91
24
113
24
114
24
115
24
116
24
117
24
127
24
128
24
129
24
130
24
131
24
154
24
155
24
156
24
157
24
158
24
159
24
160
24
190
24
191
24
192
24
193
24
194
24
195
24
209
24
210
24
211
24
212
24
213
24
214
24
215
24
229
24
230
24
231
24
232
24
233
24
234
24
235
24
240
24
241
24
242
24
243
24
244
24
245
24
246
24
264
24
265
24
266
24
267
24
268
24
269
24
270
24
283
24
284
24
285
24
286
24
287
24
288
25
4
25
5
25
6
25
7
25
8
25
9
25
10
25
46
25
47
25
48
25
49
25
50
25
51
25
86
25
87
25
88
25
89
25
90
25
91
25
112
25
113
25
114
25
115
25
116
25
117
25
127
25
128
25
129
25
130
25
131
25
132
25
154
25
155
25
156
25
157
25
158
25
159
25
160
25
190
25
191
25
192
25
193
25
194
25
195
25
196
25
209
25
210
25
211
25
212
25
213
25
214
25
215
25
229
25
230
25
231
25
232
25
233
25
234
25
235
25
240
25
241
25
242
25
243
25
244
25
245
25
246
25
264
25
265
25
266
25
267
25
268
25
269
25
270
25
283
25
284
25
285
25
286
25
287
25
288
26
4
26
5
26
6
26
7
26
8
26
9
26
10
26
45
26
46
26
47
26
48
26
49
26
50
26
51
26
86
26
87
26
88
26
89
26
90
26
91
26
92
26
112
26
113
26
114
26
115
26
116
26
128
26
129
26
130
26
131
26
132
26
154
26
155
26
156
26
157
26
158
26
159
26
160
26
191
26
192
26
193
26
194
26
195
26
196
26
209
26
210
26
211
26
212
26
213
26
214
26
215
26
229
26
230
26
231
26
232
26
233
26
234
26
235
26
241
26
242
26
243
26
244
26
245
26
246
26
247
26
264
26
265
26
266
26
267
26
268
26
269
26
270
26
283
26
284
26
285
26
286
26
287
26
288
27
4
27
5
27
6
27
7
27
8
27
9
27
10
27
45
27
46
27
47
27
48
27
49
27
50
27
87
27
88
27
89
27
90
27
91
27
92
27
111
27
112
27
113
27
114
27
115
27
116
27
128
27
129
27
130
27
131
27
132
27
133
27
154
27
155
27
156
27
157
27
158
27
159
27
160
27
191
27
192
27
193
27
194
27
195
27
196
27
209
27
210
27
211
27
212
27
213
27
214
27
215
27
229
27
230
27
231
27
232
27
233
27
234
27
235
27
242
27
243
27
244
27
245
27
246
27
247
27
248
27
264
27
265
27
266
27
267
27
268
27
269
27
270
27
282
27
283
27
284
27
285
27
286
27
287
28
4
28
5
28
6
28
7
28
8
28
9
28
10
28
45
28
46
28
47
28
48
28
49
28
50
28
87
28
88
28
89
28
90
28
91
28
92
28
111
28
112
28
113
28
114
28
115
28
116
28
128
28
129
28
130
28
131
28
132
28
133
28
154
28
155
28
156
28
157
28
158
28
159
28
160
28
191
28
192
28
193
28
194
28
195
28
196
28
209
28
210
28
211
28
212
28
213
28
214
28
215
28
229
28
230
28
231
28
232
28
233
28
234
28
235
28
242
28
243
28
244
28
245
28
246
28
247
28
248
28
264
28
265
28
266
28
267
28
268
28
269
28
270
28
282
28
283
28
284
28
285
28
286
28
287
29
4
29
5
29
6
29
7
29
8
29
9
29
10
29
45
29
46
29
47
29
48
29
49
29
50
29
87
29
88
29
89
29
90
29
91
29
92
29
111
29
112
29
113
29
114
29
115
29
129
29
130
29
131
29
132
29
133
29
154
29
155
29
156
29
157
29
158
29
159
29
160
29
191
29
192
29
193
29
194
29
195
29
196
29
209
29
210
29
211
29
212
29
213
29
214
29
215
29
229
29
230
29
231
29
232
29
233
29
234
29
235
29
243
29
244
29
245
29
246
29
247
29
248
29
249
29
264
29
265
29
266
29
267
29
268
29
269
29
270
29
282
29
283
29
284
29
285
29
286
29
287
30
4
30
5
30
6
30
7
30
8
30
9
30
10
30
45
30
46
30
47
30
48
30
49
30
50
30
87
30
88
30
89
30
90
30
91
30
92
30
110
30
111
30
112
30
113
30
114
30
115
30
129
30
130
30
131
30
132
30
133
30
134
30
154
30
155
30
156
30
157
30
158
30
159
30
160
30
191
30
192
30
193
30
194
30
195
30
196
30
209
30
210
30
211
30
212
30
213
30
214
30
215
30
229
30
230
30
231
30
232
30
233
30
234
30
235
30
244
30
245
30
246
30
247
30
248
30
249
30
250
30
264
30
265
30
266
30
267
30
268
30
269
30
270
30
282
30
283
30
284
30
285
30
286
30
287
31
4
31
5
31
6
31
7
31
8
31
9
31
10
31
45
31
46
31
47
31
48
31
49
31
50
31
87
31
88
31
89
31
90
31
91
31
92
31
110
31
111
31
112
31
113
31
114
31
115
31
129
31
130
31
131
31
132
31
133
31
134
31
154
31
155
31
156
31
157
31
158
31
159
31
160
31
191
31
192
31
193
31
194
31
195
31
196
31
209
31
210
31
211
31
212
31
213
31
214
31
215
31
229
31
230
31
231
31
232
31
233
31
234
31
235
31
244
31
245
31
246
31
247
31
248
31
249
31
250
31
264
31
265
31
266
31
267
31
268
31
269
31
270
31
282
31
283
31
284
31
285
31
286
31
287
32
4
32
5
32
6
32
7
32
8
32
9
32
10
32
45
32
46
32
47
32
48
32
49
32
50
32
87
32
88
32
89
32
90
32
91
32
92
32
93
32
109
32
110
32
111
32
112
32
113
32
114
32
130
32
131
32
132
32
133
32
134
32
135
32
154
32
155
32
156
32
157
32
158
32
159
32
160
32
191
32
192
32
193
32
194
32
195
32
196
32
197
32
209
32
210
32
211
32
212
32
213
32
214
32
215
32
229
32
230
32
231
32
232
32
233
32
234
32
235
32
245
32
246
32
247
32
248
32
249
32
250
32
251
32
264
32
265
32
266
32
267
32
268
32
269
32
270
32
282
32
283
32
284
32
285
32
286
32
287
33
4
33
5
33
6
33
7
33
8
33
9
33
10
33
44
33
45
33
46
33
47
33
48
33
49
33
50
33
87
33
88
33
89
33
90
33
91
33
92
33
93
33
109
33
110
33
111
33
112
33
113
33
114
33
130
33
131
33
132
33
133
33
134
33
135
33
154
33
155
33
156
33
157
33
158
33
159
33
160
33
191
33
192
33
193
33
194
33
195
33
196
33
197
33
209
33
210
33
211
33
212
33
213
33
214
33
215
33
229
33
230
33
231
33
232
33
233
33
234
33
235
33
246
33
247
33
248
33
249
33
250
33
251
33
252
33
264
33
265
33
266
33
267
33
268
33
269
33
270
33
281
33
282
33
283
33
284
33
285
33
286
33
287
34
4
34
5
34
6
34
7
34
8
34
9
34
10
34
44
34
45
34
46
34
47
34
48
34
49
34
50
34
87
34
88
34
89
34
90
34
91
34
92
34
93
34
109
34
110
34
111
34
112
34
113
34
114
34
130
34
131
34
132
34
133
34
134
34
135
34
154
34
155
34
156
34
157
34
158
34
159
34
160
34
191
34
192
34
193
34
194
34
195
34
196
34
197
34
209
34
210
34
211
34
212
34
213
34
214
34
215
34
229
34
230
34
231
34
232
34
233
34
234
34
235
34
246
34
247
34
248
34
249
34
250
34
251
34
252
34
264
34
265
34
266
34
267
34
268
34
269
34
270
34
281
34
282
34
283
34
284
34
285
34
286
34
287
34
308
34
309
34
310
34
311
34
312
34
313
34
314
34
315
34
316
34
317
34
318
34
319
34
320
34
321
34
322
34
323
34
324
34
325
34
326
34
327
34
328
34
329
35
4
35
5
35
6
35
7
35
8
35
9
35
10
35
44
35
45
35
46
35
47
35
48
35
49
35
50
35
87
35
88
35
89
35
90
35
91
35
92
35
93
35
108
35
109
35
110
35
111
35
112
35
113
35
131
35
132
35
133
35
134
35
135
35
136
35
154
35
155
35
156
35
157
35
158
35
159
35
160
35
191
35
192
35
193
35
194
35
195
35
196
35
197
35
209
35
210
35
211
35
212
35
213
35
214
35
215
35
229
35
230
35
231
35
232
35
233
35
234
35
235
35
247
35
248
35
249
35
250
35
251
35
252
35
253
35
264
35
265
35
266
35
267
35
268
35
269
35
270
35
281
35
282
35
283
35
284
35
285
35
286
35
287
35
308
35
309
35
310
35
311
35
312
35
313
35
314
35
315
35
316
35
317
35
318
35
319
35
320
35
321
35
322
35
323
35
324
35
325
35
326
35
327
35
328
35
329
36
4
36
5
36
6
36
7
36
8
36
9
36
10
36
44
36
45
36
46
36
47
36
48
36
49
36
50
36
87
36
88
36
89
36
90
36
91
36
92
36
93
36
108
36
109
36
110
36
111
36
112
36
113
36
131
36
132
36
133
36
134
36
135
36
136
36
154
36
155
36
156
36
157
36
158
36
159
36
160
36
191
36
192
36
193
36
194
36
195
36
196
36
197
36
209
36
210
36
211
36
212
36
213
36
214
36
215
36
229
36
230
36
231
36
232
36
233
36
234
36
235
36
247
36
248
36
249
36
250
36
251
36
252
36
253
36
264
36
265
36
266
36
267
36
268
36
269
36
270
36
281
36
282
36
283
36
284
36
285
36
286
36
287
36
308
36
309
36
310
36
311
36
312
36
313
36
314
36
315
36
316
36
317
36
318
36
319
36
320
36
321
36
322
36
323
36
324
36
325
36
326
36
327
36
328
36
329
37
4
37
5
37
6
37
7
37
8
37
9
37
10
37
44
37
45
37
46
37
47
37
48
37
49
37
50
37
87
37
88
37
89
37
90
37
91
37
92
37
93
37
108
37
109
37
110
37
111
37
112
37
132
37
133
37
134
37
135
37
136
37
154
37
155
37
156
37
157
37
158
37
159
37
160
37
191
37
192
37
193
37
194
37
195
37
196
37
197
37
209
37
210
37
211
37
212
37
213
37
214
37
215
37
229
37
230
37
231
37
232
37
233
37
234
37
235
37
248
37
249
37
250
37
251
37
252
37
253
37
254
37
264
37
265
37
266
37
267
37
268
37
269
37
270
37
281
37
282
37
283
37
284
37
285
37
286
37
287
37
308
37
309
37
310
37
311
37
312
37
313
37
314
37
315
37
316
37
317
37
318
37
319
37
320
37
321
37
322
37
323
37
324
37
325
37
326
37
327
37
328
37
329
38
4
38
5
38
6
38
7
38
8
38
9
38
10
38
45
38
46
38
47
38
48
38
49
38
50
38
87
38
88
38
89
38
90
38
91
38
92
38
107
38
108
38
109
38
110
38
111
38
112
38
132
38
133
38
134
38
135
38
136
38
137
38
154
38
155
38
156
38
157
38
158
38
159
38
160
38
191
38
192
38
193
38
194
38
195
38
196
38
209
38
210
38
211
38
212
38
213
38
214
38
215
38
229
38
230
38
231
38
232
38
233
38
234
38
235
38
249
38
250
38
251
38
252
38
253
38
254
38
255
38
264
38
265
38
266
38
267
38
268
38
269
38
270
38
282
38
283
38
284
38
285
38
286
38
287
38
308
38
309
38
310
38
311
38
312
38
313
38
314
38
315
38
316
38
317
38
318
38
319
38
320
38
321
38
322
38
323
38
324
38
325
38
326
38
327
38
328
38
329
39
4
39
5
39
6
39
7
39
8
39
9
39
10
39
45
39
46
39
47
39
48
39
49
39
50
39
87
39
88
39
89
39
90
39
91
39
92
39
107
39
108
39
109
39
110
39
111
39
112
39
113
39
114
39
115
39
116
39
117
39
118
39
119
39
120
39
121
39
122
39
123
39
124
39
125
39
126
39
127
39
128
39
129
39
130
39
131
39
132
39
133
39
134
39
135
39
136
39
137
39
154
39
155
39
156
39
157
39
158
39
159
39
160
39
191
39
192
39
193
39
194
39
195
39
196
39
209
39
210
39
211
39
212
39
213
39
214
39
215
39
229
39
230
39
231
39
232
39
233
39
234
39
235
39
249
39
250
39
251
39
252
39
253
39
254
39
255
39
264
39
265
39
266
39
267
39
268
39
269
39
270
39
282
39
283
39
284
39
285
39
286
39
287
39
308
39
309
39
310
39
311
39
312
39
313
39
314
39
315
39
316
39
317
39
318
39
319
39
320
39
321
39
322
39
323
39
324
39
325
39
326
39
327
39
328
39
329
40
4
40
5
40
6
40
7
40
8
40
9
40
10
40
45
40
46
40
47
40
48
40
49
40
50
40
87
40
88
40
89
40
90
40
91
40
92
40
106
40
107
40
108
40
109
40
110
40
111
40
112
40
113
40
114
40
115
40
116
40
117
40
118
40
119
40
120
40
121
40
122
40
123
40
124
40
125
40
126
40
127
40
128
40
129
40
130
40
131
40
132
40
133
40
134
40
135
40
136
40
137
40
138
40
154
40
155
40
156
40
157
40
158
40
159
40
160
40
191
40
192
40
193
40
194
40
195
40
196
40
209
40
210
40
211
40
212
40
213
40
214
40
215
40
229
40
230
40
231
40
232
40
233
40
234
40
235
40
250
40
251
40
252
40
253
40
254
40
255
40
256
40
264
40
265
40
266
40
267
40
268
40
269
40
270
40
282
40
283
40
284
40
285
40
286
40
287
40
323
40
324
40
325
40
326
40
327
40
328
40
329
41
4
41
5
41
6
41
7
41
8
41
9
41
10
41
45
41
46
41
47
41
48
41
49
41
50
41
87
41
88
41
89
41
90
41
91
41
92
41
106
41
107
41
108
41
109
41
110
41
111
41
112
41
113
41
114
41
115
41
116
41
117
41
118
41
119
41
120
41
121
41
122
41
123
41
124
41
125
41
126
41
127
41
128
41
129
41
130
41
131
41
132
41
133
41
134
41
135
41
136
41
137
41
138
41
154
41
155
41
156
41
157
41
158
41
159
41
160
41
191
41
192
41
193
41
194
41
195
41
196
41
209
41
210
41
211
41
212
41
213
41
214
41
215
41
229
41
230
41
231
41
232
41
233
41
234
41
235
41
251
41
252
41
253
41
254
41
255
41
256
41
257
41
264
41
265
41
266
41
267
41
268
41
269
41
270
41
282
41
283
41
284
41
285
41
286
41
287
41
323
41
324
41
325
41
326
41
327
41
328
41
329
42
4
42
5
42
6
42
7
42
8
42
9
42
10
42
45
42
46
42
47
42
48
42
49
42
50
42
87
42
88
42
89
42
90
42
91
42
92
42
106
42
107
42
108
42
109
42
110
42
111
42
112
42
113
42
114
42
115
42
116
42
117
42
118
42
119
42
120
42
121
42
122
42
123
42
124
42
125
42
126
42
127
42
128
42
129
42
130
42
131
42
132
42
133
42
134
42
135
42
136
42
137
42
138
42
154
42
155
42
156
42
157
42
158
42
159
42
160
42
191
42
192
42
193
42
194
42
195
42
196
42
209
42
210
42
211
42
212
42
213
42
214
42
215
42
229
42
230
42
231
42
232
42
233
42
234
42
235
42
251
42
252
42
253
42
254
42
255
42
256
42
257
42
264
42
265
42
266
42
267
42
268
42
269
42
270
42
282
42
283
42
284
42
285
42
286
42
287
42
323
42
324
42
325
42
326
42
327
42
328
42
329
43
4
43
5
43
6
43
7
43
8
43
9
43
10
43
45
43
46
43
47
43
48
43
49
43
50
43
86
43
87
43
88
43
89
43
90
43
91
43
92
43
105
43
106
43
107
43
108
43
109
43
110
43
111
43
112
43
113
43
114
43
115
43
116
43
117
43
118
43
119
43
120
43
121
43
122
43
123
43
124
43
125
43
126
43
127
43
128
43
129
43
130
43
131
43
132
43
133
43
134
43
135
43
136
43
137
43
138
43
139
43
154
43
155
43
156
43
157
43
158
43
159
43
160
43
191
43
192
43
193
43
194
43
195
43
196
43
209
43
210
43
211
43
212
43
213
43
214
43
215
43
229
43
230
43
231
43
232
43
233
43
234
43
235
43
252
43
253
43
254
43
255
43
256
43
257
43
258
43
264
43
265
43
266
43
267
43
268
43
269
43
270
43
282
43
283
43
284
43
285
43
286
43
287
43
288
43
323
43
324
43
325
43
326
43
327
43
328
43
329
44
4
44
5
44
6
44
7
44
8
44
9
44
10
44
46
44
47
44
48
44
49
44
50
44
51
44
86
44
87
44
88
44
89
44
90
44
91
44
105
44
106
44
107
44
108
44
109
44
110
44
111
44
112
44
113
44
114
44
115
44
116
44
117
44
118
44
119
44
120
44
121
44
122
44
123
44
124
44
125
44
126
44
127
44
128
44
129
44
130
44
131
44
132
44
133
44
134
44
135
44
136
44
137
44
138
44
139
44
154
44
155
44
156
44
157
44
158
44
159
44
160
44
190
44
191
44
192
44
193
44
194
44
195
44
209
44
210
44
211
44
212
44
213
44
214
44
215
44
229
44
230
44
231
44
232
44
233
44
234
44
235
44
253
44
254
44
255
44
256
44
257
44
258
44
259
44
264
44
265
44
266
44
267
44
268
44
269
44
270
44
283
44
284
44
285
44
286
44
287
44
288
44
323
44
324
44
325
44
326
44
327
44
328
44
329
45
4
45
5
45
6
45
7
45
8
45
9
45
10
45
46
45
47
45
48
45
49
45
50
45
51
45
86
45
87
45
88
45
89
45
90
45
91
45
104
45
105
45
106
45
107
45
108
45
109
45
110
45
134
45
135
45
136
45
137
45
138
45
139
45
140
45
154
45
155
45
156
45
157
45
158
45
159
45
160
45
190
45
191
45
192
45
193
45
194
45
195
45
209
45
210
45
211
45
212
45
213
45
214
45
215
45
229
45
230
45
231
45
232
45
233
45
234
45
235
45
253
45
254
45
255
45
256
45
257
45
258
45
259
45
264
45
265
45
266
45
267
45
268
45
269
45
270
45
283
45
284
45
285
45
286
45
287
45
288
45
323
45
324
45
325
45
326
45
327
45
328
45
329
46
4
46
5
46
6
46
7
46
8
46
9
46
10
46
46
46
47
46
48
46
49
46
50
46
51
46
85
46
86
46
87
46
88
46
89
46
90
46
91
46
104
46
105
46
106
46
107
46
108
46
109
46
135
46
136
46
137
46
138
46
139
46
140
46
154
46
155
46
156
46
157
46
158
46
159
46
160
46
190
46
191
46
192
46
193
46
194
46
195
46
209
46
210
46
211
46
212
46
213
46
214
46
215
46
229
46
230
46
231
46
232
46
233
46
234
46
235
46
254
46
255
46
256
46
257
46
258
46
259
46
260
46
264
46
265
46
266
46
267
46
268
46
269
46
270
46
283
46
284
46
285
46
286
46
287
46
288
46
289
46
323
46
324
46
325
46
326
46
327
46
328
46
329
47
4
47
5
47
6
47
7
47
8
47
9
47
10
47
47
47
48
47
49
47
50
47
51
47
52
47
85
47
86
47
87
47
88
47
89
47
90
47
104
47
105
47
106
47
107
47
108
47
109
47
135
47
136
47
137
47
138
47
139
47
140
47
154
47
155
47
156
47
157
47
158
47
159
47
160
47
189
47
190
47
191
47
192
47
193
47
194
47
209
47
210
47
211
47
212
47
213
47
214
47
215
47
229
47
230
47
231
47
232
47
233
47
234
47
235
47
255
47
256
47
257
47
258
47
259
47
260
47
261
47
264
47
265
47
266
47
267
47
268
47
269
47
270
47
284
47
285
47
286
47
287
47
288
47
289
47
323
47
324
47
325
47
326
47
327
47
328
47
329
48
4
48
5
48
6
48
7
48
8
48
9
48
10
48
47
48
48
48
49
48
50
48
51
48
52
48
85
48
86
48
87
48
88
48
89
48
90
48
103
48
104
48
105
48
106
48
107
48
108
48
136
48
137
48
138
48
139
48
140
48
141
48
154
48
155
48
156
48
157
48
158
48
159
48
160
48
189
48
190
48
191
48
192
48
193
48
194
48
209
48
210
48
211
48
212
48
213
48
214
48
215
48
229
48
230
48
231
48
232
48
233
48
234
48
235
48
255
48
256
48
257
48
258
48
259
48
260
48
261
48
264
48
265
48
266
48
267
48
268
48
269
48
270
48
284
48
285
48
286
48
287
48
288
48
289
48
290
48
323
48
324
48
325
48
326
48
327
48
328
48
329
49
4
49
5
49
6
49
7
49
8
49
9
49
10
49
48
49
49
49
50
49
51
49
52
49
53
49
84
49
85
49
86
49
87
49
88
49
89
49
103
49
104
49
105
49
106
49
107
49
108
49
136
49
137
49
138
49
139
49
140
49
141
49
154
49
155
49
156
49
157
49
158
49
159
49
160
49
188
49
189
49
190
49
191
49
192
49
193
49
194
49
209
49
210
49
211
49
212
49
213
49
214
49
215
49
229
49
230
49
231
49
232
49
233
49
234
49
235
49
256
49
257
49
258
49
259
49
260
49
261
49
262
49
264
49
265
49
266
49
267
49
268
49
269
49
270
49
285
49
286
49
287
49
288
49
289
49
290
49
323
49
324
49
325
49
326
49
327
49
328
49
329
50
4
50
5
50
6
50
7
50
8
50
9
50
10
50
48
50
49
50
50
50
51
50
52
50
53
50
54
50
83
50
84
50
85
50
86
50
87
50
88
50
89
50
103
50
104
50
105
50
106
50
107
50
108
50
136
50
137
50
138
50
139
50
140
50
141
50
154
50
155
50
156
50
157
50
158
50
159
50
160
50
188
50
189
50
190
50
191
50
192
50
193
50
209
50
210
50
211
50
212
50
213
50
214
50
215
50
229
50
230
50
231
50
232
50
233
50
234
50
235
50
257
50
258
50
259
50
260
50
261
50
262
50
263
50
264
50
265
50
266
50
267
50
268
50
269
50
270
50
285
50
286
50
287
50
288
50
289
50
290
50
291
50
323
50
324
50
325
50
326
50
327
50
328
50
329
51
4
51
5
51
6
51
7
51
8
51
9
51
10
51
49
51
50
51
51
51
52
51
53
51
54
51
55
51
82
51
83
51
84
51
85
51
86
51
87
51
88
51
102
51
103
51
104
51
105
51
106
51
107
51
137
51
138
51
139
51
140
51
141
51
142
51
154
51
155
51
156
51
157
51
158
51
159
51
160
51
187
51
188
51
189
51
190
51
191
51
192
51
193
51
209
51
210
51
211
51
212
51
213
51
214
51
215
51
229
51
230
51
231
51
232
51
233
51
234
51
235
51
257
51
258
51
259
51
260
51
261
51
262
51
263
51
264
51
265
51
266
51
267
51
268
51
269
51
270
51
286
51
287
51
288
51
289
51
290
51
291
51
292
51
323
51
324
51
325
51
326
51
327
51
328
51
329
52
4
52
5
52
6
52
7
52
8
52
9
52
10
52
49
52
50
52
51
52
52
52
53
52
54
52
55
52
81
52
82
52
83
52
84
52
85
52
86
52
87
52
88
52
102
52
103
52
104
52
105
52
106
52
107
52
137
52
138
52
139
52
140
52
141
52
142
52
154
52
155
52
156
52
157
52
158
52
159
52
160
52
186
52
187
52
188
52
189
52
190
52
191
52
192
52
209
52
210
52
211
52
212
52
213
52
214
52
215
52
229
52
230
52
231
52
232
52
233
52
234
52
235
52
258
52
259
52
260
52
261
52
262
52
263
52
264
52
265
52
266
52
267
52
268
52
269
52
270
52
287
52
288
52
289
52
290
52
291
52
292
52
293
52
322
52
323
52
324
52
325
52
326
52
327
52
328
52
329
53
4
53
5
53
6
53
7
53
8
53
9
53
10
53
50
53
51
53
52
53
53
53
54
53
55
53
56
53
57
53
80
53
81
53
82
53
83
53
84
53
85
53
86
53
87
53
101
53
102
53
103
53
104
53
105
53
106
53
107
53
137
53
138
53
139
53
140
53
141
53
142
53
143
53
154
53
155
53
156
53
157
53
158
53
159
53
160
53
185
53
186
53
187
53
188
53
189
53
190
53
191
53
209
53
210
53
211
53
212
53
213
53
214
53
215
53
229
53
230
53
231
53
232
53
233
53
234
53
235
53
259
53
260
53
261
53
262
53
263
53
264
53
265
53
266
53
267
53
268
53
269
53
270
53
287
53
288
53
289
53
290
53
291
53
292
53
293
53
294
53
320
53
321
53
322
53
323
53
324
53
325
53
326
53
327
53
328
53
329
54
4
54
5
54
6
54
7
54
8
54
9
54
10
54
51
54
52
54
53
54
54
54
55
54
56
54
57
54
58
54
79
54
80
54
81
54
82
54
83
54
84
54
85
54
86
54
101
54
102
54
103
54
104
54
105
54
106
54
138
54
139
54
140
54
141
54
142
54
143
54
154
54
155
54
156
54
157
54
158
54
159
54
160
54
183
54
184
54
185
54
186
54
187
54
188
54
189
54
190
54
209
54
210
54
211
54
212
54
213
54
214
54
215
54
229
54
230
54
231
54
232
54
233
54
234
54
235
54
259
54
260
54
261
54
262
54
263
54
264
54
265
54
266
54
267
54
268
54
269
54
270
54
288
54
289
54
290
54
291
54
292
54
293
54
294
54
295
54
319
54
320
54
321
54
322
54
323
54
324
54
325
54
326
54
327
54
328
55
4
55
5
55
6
55
7
55
8
55
9
55
10
55
52
55
53
55
54
55
55
55
56
55
57
55
58
55
59
55
60
55
77
55
78
55
79
55
80
55
81
55
82
55
83
55
84
55
85
55
101
55
102
55
103
55
104
55
105
55
106
55
138
55
139
55
140
55
141
55
142
55
143
55
154
55
155
55
156
55
157
55
158
55
159
55
160
55
181
55
182
55
183
55
184
55
185
55
186
55
187
55
188
55
189
55
190
55
209
55
210
55
211
55
212
55
213
55
214
55
215
55
229
55
230
55
231
55
232
55
233
55
234
55
235
55
260
55
261
55
262
55
263
55
264
55
265
55
266
55
267
55
268
55
269
55
270
55
289
55
290
55
291
55
292
55
293
55
294
55
295
55
296
55
297
55
317
55
318
55
319
55
320
55
321
55
322
55
323
55
324
55
325
55
326
55
327
55
342
55
343
55
344
55
345
55
346
55
347
55
348
55
363
55
364
55
365
55
366
55
367
55
368
55
369
55
384
55
385
55
386
55
387
55
388
55
389
55
390
56
4
56
5
56
6
56
7
56
8
56
9
56
10
56
11
56
12
56
13
56
14
56
15
56
16
56
17
56
18
56
19
56
20
56
21
56
22
56
23
56
24
56
25
56
26
56
27
56
28
56
29
56
30
56
31
56
32
56
33
56
34
56
35
56
36
56
37
56
53
56
54
56
55
56
56
56
57
56
58
56
59
56
60
56
61
56
62
56
75
56
76
56
77
56
78
56
79
56
80
56
81
56
82
56
83
56
84
56
100
56
101
56
102
56
103
56
104
56
105
56
139
56
140
56
141
56
142
56
143
56
144
56
154
56
155
56
156
56
157
56
158
56
159
56
160
56
161
56
162
56
163
56
164
56
165
56
166
56
167
56
168
56
169
56
170
56
171
56
172
56
173
56
174
56
175
56
176
56
177
56
178
56
179
56
180
56
181
56
182
56
183
56
184
56
185
56
186
56
187
56
188
56
189
56
209
56
210
56
211
56
212
56
213
56
214
56
215
56
229
56
230
56
231
56
232
56
233
56
234
56
235
56
261
56
262
56
263
56
264
56
265
56
266
56
267
56
268
56
269
56
270
56
290
56
291
56
292
56
293
56
294
56
295
56
296
56
297
56
298
56
299
56
300
56
314
56
315
56
316
56
317
56
318
56
319
56
320
56
321
56
322
56
323
56
324
56
325
56
342
56
343
56
344
56
345
56
346
56
347
56
348
56
363
56
364
56
365
56
366
56
367
56
368
56
369
56
384
56
385
56
386
56
387
56
388
56
389
56
390
57
4
57
5
57
6
57
7
57
8
57
9
57
10
57
11
57
12
57
13
57
14
57
15
57
16
57
17
57
18
57
19
57
20
57
21
57
22
57
23
57
24
57
25
57
26
57
27
57
28
57
29
57
30
57
31
57
32
57
33
57
34
57
35
57
36
57
37
57
54
57
55
57
56
57
57
57
58
57
59
57
60
57
61
57
62
57
63
57
64
57
65
57
66
57
67
57
68
57
69
57
70
57
71
57
72
57
73
57
74
57
75
57
76
57
77
57
78
57
79
57
80
57
81
57
82
57
83
57
100
57
101
57
102
57
103
57
104
57
105
57
139
57
140
57
141
57
142
57
143
57
144
57
154
57
155
57
156
57
157
57
158
57
159
57
160
57
161
57
162
57
163
57
164
57
165
57
166
57
167
57
168
57
169
57
170
57
171
57
172
57
173
57
174
57
175
57
176
57
177
57
178
57
179
57
180
57
181
57
182
57
183
57
184
57
185
57
186
57
187
57
209
57
210
57
211
57
212
57
213
57
214
57
215
57
229
57
230
57
231
57
232
57
233
57
234
57
235
57
261
57
262
57
263
57
264
57
265
57
266
57
267
57
268
57
269
57
270
57
292
57
293
57
294
57
295
57
296
57
297
57
298
57
299
57
300
57
301
57
302
57
303
57
304
57
305
57
306
57
307
57
308
57
309
57
310
57
311
57
312
57
313
57
314
57
315
57
316
57
317
57
318
57
319
57
320
57
321
57
322
57
323
57
324
57
342
57
343
57
344
57
345
57
346
57
347
57
348
57
363
57
364
57
365
57
366
57
367
57
368
57
369
57
384
57
385
57
386
57
387
57
388
57
389
57
390
58
4
58
5
58
6
58
7
58
8
58
9
58
10
58
11
58
12
58
13
58
14
58
15
58
16
58
17
58
18
58
19
58
20
58
21
58
22
58
23
58
24
58
25
58
26
58
27
58
28
58
29
58
30
58
31
58
32
58
33
58
34
58
35
58
36
58
37
58
56
58
57
58
58
58
59
58
60
58
61
58
62
58
63
58
64
58
65
58
66
58
67
58
68
58
69
58
70
58
71
58
72
58
73
58
74
58
75
58
76
58
77
58
78
58
79
58
80
58
81
58
82
58
99
58
100
58
101
58
102
58
103
58
104
58
105
58
139
58
140
58
141
58
142
58
143
58
144
58
145
58
154
58
155
58
156
58
157
58
158
58
159
58
160
58
161
58
162
58
163
58
164
58
165
58
166
58
167
58
168
58
169
58
170
58
171
58
172
58
173
58
174
58
175
58
176
58
177
58
178
58
179
58
180
58
181
58
182
58
183
58
184
58
185
58
186
58
209
58
210
58
211
58
212
58
213
58
214
58
215
58
229
58
230
58
231
58
232
58
233
58
234
58
235
58
262
58
263
58
264
58
265
58
266
58
267
58
268
58
269
58
270
58
293
58
294
58
295
58
296
58
297
58
298
58
299
58
300
58
301
58
302
58
303
58
304
58
305
58
306
58
307
58
308
58
309
58
310
58
311
58
312
58
313
58
314
58
315
58
316
58
317
58
318
58
319
58
320
58
321
58
322
58
342
58
343
58
344
58
345
58
346
58
347
58
348
58
363
58
364
58
365
58
366
58
367
58
368
58
369
58
384
58
385
58
386
58
387
58
388
58
389
58
390
59
4
59
5
59
6
59
7
59
8
59
9
59
10
59
11
59
12
59
13
59
14
59
15
59
16
59
17
59
18
59
19
59
20
59
21
59
22
59
23
59
24
59
25
59
26
59
27
59
28
59
29
59
30
59
31
59
32
59
33
59
34
59
35
59
36
59
37
59
57
59
58
59
59
59
60
59
61
59
62
59
63
59
64
59
65
59
66
59
67
59
68
59
69
59
70
59
71
59
72
59
73
59
74
59
75
59
76
59
77
59
78
59
79
59
80
59
99
59
100
59
101
59
102
59
103
59
104
59
140
59
141
59
142
59
143
59
144
59
145
59
154
59
155
59
156
59
157
59
158
59
159
59
160
59
161
59
162
59
163
59
164
59
165
59
166
59
167
59
168
59
169
59
170
59
171
59
172
59
173
59
174
59
175
59
176
59
177
59
178
59
179
59
180
59
181
59
182
59
183
59
184
59
209
59
210
59
211
59
212
59
213
59
214
59
215
59
229
59
230
59
231
59
232
59
233
59
234
59
235
59
263
59
264
59
265
59
266
59
267
59
268
59
269
59
270
59
295
59
296
59
297
59
298
59
299
59
300
59
301
59
302
59
303
59
304
59
305
59
306
59
307
59
308
59
309
59
310
59
311
59
312
59
313
59
314
59
315
59
316
59
317
59
318
59
319
59
320
59
342
59
343
59
344
59
345
59
346
59
347
59
348
59
363
59
364
59
365
59
366
59
367
59
368
59
369
59
384
59
385
59
386
59
387
59
388
59
389
59
390
60
4
60
5
60
6
60
7
60
8
60
9
60
10
60
11
60
12
60
13
60
14
60
15
60
16
60
17
60
18
60
19
60
20
60
21
60
22
60
23
60
24
60
25
60
26
60
27
60
28
60
29
60
30
60
31
60
32
60
33
60
34
60
35
60
36
60
37
60
59
60
60
60
61
60
62
60
63
60
64
60
65
60
66
60
67
60
68
60
69
60
70
60
71
60
72
60
73
60
74
60
75
60
76
60
77
60
78
60
99
60
100
60
101
60
102
60
103
60
104
60
140
60
141
60
142
60
143
60
144
60
145
60
154
60
155
60
156
60
157
60
158
60
159
60
160
60
161
60
162
60
163
60
164
60
165
60
166
60
167
60
168
60
169
60
170
60
171
60
172
60
173
60
174
60
175
60
176
60
177
60
178
60
179
60
180
60
181
60
209
60
210
60
211
60
212
60
213
60
214
60
215
60
229
60
230
60
231
60
232
60
233
60
234
60
235
60
263
60
264
60
265
60
266
60
267
60
268
60
269
60
270
60
297
60
298
60
299
60
300
60
301
60
302
60
303
60
304
60
305
60
306
60
307
60
308
60
309
60
310
60
311
60
312
60
313
60
314
60
315
60
316
60
317
60
318
60
342
60
343
60
344
60
345
60
346
60
347
60
348
60
363
60
364
60
365
60
366
60
367
60
368
60
369
60
384
60
385
60
386
60
387
60
388
60
389
60
390
61
4
61
5
61
6
61
7
61
8
61
9
61
10
61
11
61
12
61
13
61
14
61
15
61
16
61
17
61
18
61
19
61
20
61
21
61
22
61
23
61
24
61
25
61
26
61
27
61
28
61
29
61
30
61
31
61
32
61
33
61
34
61
35
61
36
61
37
61
62
61
63
61
64
61
65
61
66
61
67
61
68
61
69
61
70
61
71
61
72
61
73
61
74
61
75
61
98
61
99
61
100
61
101
61
102
61
103
61
104
61
140
61
141
61
142
61
143
61
144
61
145
61
146
61
154
61
155
61
156
61
157
61
158
61
159
61
160
61
161
61
162
61
163
61
164
61
165
61
166
61
167
61
168
61
169
61
170
61
171
61
172
61
173
61
174
61
175
61
209
61
210
61
211
61
212
61
213
61
214
61
215
61
229
61
230
61
231
61
232
61
233
61
234
61
235
61
264
61
265
61
266
61
267
61
268
61
269
61
270
61
300
61
301
61
302
61
303
61
304
61
305
61
306
61
307
61
308
61
309
61
310
61
311
61
312
61
313
61
314
61
315
61
342
61
343
61
344
61
345
61
346
61
347
61
348
61
363
61
364
61
365
61
366
61
367
61
368
61
369
61
384
61
385
61
386
61
387
61
388
61
389
61
390
62
67
62
68
62
69
62
70
62
306
62
307
62
308
62
309
