
     CE_ID Instances of CE_ID
---------- ------------------
     12000		   53
     12001		  169
     12004		   46
     12005		   63
     12007		  105
     12008		   49
     12009		   44
     12033		   91
     12034		  141
     12043		  138
     12045		  128

     CE_ID Instances of CE_ID
---------- ------------------
     12050		   63
     12051		   53
     12074		   66
     12076		   75
     12116		  323
     12133		  149
     12135		  149
     12136		  149
     12137		  149
     12140		  149
     12141		  149

     CE_ID Instances of CE_ID
---------- ------------------
     12143		  149
     12144		  149
     12145		  149
     12146		  209
     12149		  149
     12150		  149
     12156		  149
     12157		  149
     12160		  149
     12162		  149
     12163		  149

     CE_ID Instances of CE_ID
---------- ------------------
     12167		  149
     12168		  149
     12169		  149
     12170		  149
     12173		  149
     12174		  149
     12175		  149
     12176		  149
     12177		  149
     12178		  149
     12185		  186

     CE_ID Instances of CE_ID
---------- ------------------
     12186		   99
     12187		   82
     12188		   93
     12189		   89
     12191		  232
     12192		   74
     12193		   99
     12196		   51
     12198		  149
     12199		  149
     12200		  325

     CE_ID Instances of CE_ID
---------- ------------------
     12204		  125
     12205		  395
     12207		  116
     12209		  119
     12213		  195
     12214		   44
     12216		   74
     12223		   44
     12225		   44
     12227		   58
     12228		   44

     CE_ID Instances of CE_ID
---------- ------------------
     12230		  118
     12232		   44
     12234		   54
     12235		   50
     12236		   74
     12237		  104
     12238		   44
     12239		   44
     12246		  157
     12248		   58
     12251		  115

     CE_ID Instances of CE_ID
---------- ------------------
     12254		  129
     12255		  110
     12257		  103
     12258		  318
     12265		   96
     12272		  101
     12273		  100
     12274		  139
     12275		  109
     12276		   82
     12280		   78

     CE_ID Instances of CE_ID
---------- ------------------
     12281		   67
     12282		  133
     12284		   97
     12285		  111
     12286		  305
     12288		   82
     12289		   76
     12290		   95
     12291		  305
     12295		  119
     12296		   88

     CE_ID Instances of CE_ID
---------- ------------------
     12300		   81
     12301		   89
     12302		  154
     12303		   85
     12305		   89
     12306		  104
     12307		   77
     12309		   82
     12310		  107
     12311		   82
     12313		   97

     CE_ID Instances of CE_ID
---------- ------------------
     12314		  117
     12315		  305
     12316		  115
     12317		  215
     12319		  305
     12322		  115
     12323		   90
     12325		  128
     12329		   44
     12330		   59
     12331		  136

     CE_ID Instances of CE_ID
---------- ------------------
     12332		   61
     12335		   49
     12336		   63
     12338		   80
     12343		   59
     12344		   67
     12346		  102
     12347		   87
     12349		   75
     12350		   44
     12352		  170

     CE_ID Instances of CE_ID
---------- ------------------
     12353		   46
     12367		   48
     12411		  233
     12413		   97
     12414		   97
     12416		   98
     12417		  411
     12418		   69
     12419		   67

141 rows selected.

