7018512
2171937
7018512
7018512
7018512
2171937
7018512
7018512
7018512
2171937
7018512
7018512
7018512
7018512
7018512
7018512
7018512
7018512
7018512
7018512
7018512
7018512
7018512
7018512
7018512
3752291
7018512
7018512
7018512
7018512
7018512
7018512
7018512
7018512
7018512
7018512
7018512
7018512
7018512
7018512
1055768
7018512
7018512
7018512
7018512
7018512
7018512
7018512
7018512
7018512
7018512
7018512
7018512
7018512
7018512
1055768
1582113
7018512
7018512
7018512
7018512
7018512
7018512
7018512
1054744
7018512
7018512
7018512
7018512
7018512
7018512
7018512
7018512
7018512
7018512
7018512
7018512
1055768
7018512
1054744
1055777
7018512
7018512
7018512
7018512
7018512
7018512
7018512
7018512
7018512
7018512
7018512
7018512
7018512
7018512
7018512
7018512
7018512
7018512
7018512
7018512
7018512
7018512
1054736
7018512
3225690
3225690
7018512
7018512
7018512
7018512
2700370
2700370
2700370
2700370
7018512
7018512
7018512
7018512
7018512
7018512
7018512
7018512
7018512
7018512
7018512
7018512
7018512
7018512
7018512
7018512
7018512
7018512
7018512
7018512
7018512
7018512
7018512
7018512
7018512
7018512
7018512
7018512
7018512
7018512
7018512
7018512
7018512
7018512
7018512
7018512
7018512
7018512
7018512
7018512
7018512
7018512
7018512
7018512
7018512
7018512
7018512
7018512
7018512
7018512
7018512
7018512
7018512
7018512
7018512
7018512
7018512
7018512
7018512
7018512
7018512
7018512
7018512
7018512
7018512
7018512
7018512
7018512
7018512
7018512
7018512
7018512
7018512
7018512
7018512
7018512
7018512
7018512
7018512
7018512
7018512
7018512
7018512
7018512
7018512
7018512
7018512
7018512
7018512
7018512
7018512
7018512
7018512
7018512
7018512
7018512
7018512
7018512
7018512
7018512
7018512
7018512
7018512
7018512
7018512
7018512
7018512
7018512
7018512
7018512
7018512
7018512
7018512
7018512
7018512
7018512
7018512
7018512
7018512
7018512
7018512
7018512
7018512
7018512
7018512
7018512
7018512
7018512
7018512
7018512
7018512
7018512
7018512
7018512
7018512
7018512
7018512
7018512
7018512
7018512
7018512
7018512
7018512
7018512
7018512
7018512
7018512
7018512
7018512
7018512
7018512
7018512
7018512
7018512
7018512
7018512
7018512
7018512
7018512
7018512
7018512
7018512
7018512
7018512
7018512
7018512
7018512
7018512
7018512
7018512
7018512
7018512
7018512
7018512
7018512
7018512
7018512
7018512
7018512
7018512
7018512
7018512
7018512
7018512
7018512
7018512
7018512
7018512
7018512
7018512
7018512
7018512
7018512
7018512
7018512
7018512
7018512
7018512
7018512
7018512
7018512
7018512
7018512
7018512
7018512
7018512
7018512
7018512
7018512
7018512
7018512
7018512
7018512
7018512
7018512
7018512
7018512
7018512
7018512
7018512
7018512
7018512
7018512
7018512
7018512
7018512
1054744
7018512
7018512
7018512
7018512
1054744
7018512
7018512
7018512
7018512
7018512
7018512
1055768
7018512
7018512
7018512
1055768
7018512
7018512
7018512
1055768
7018512
7018512
7018512
